1095
9
15
0
29
50
8
98
0
58
87
68
73
32
30
67
0
29
88
51
0
45
15
0
40
2
62
0
28
12
95
34
66
99
27
13
96
49
25
0
58
39
15
92
82
0
0
0
0
0
69
18
72
93
0
75
33
78
45
6
67
36
17
46
0
60
85
45
6
53
0
52
95
47
80
7
0
7
21
93
34
95
0
56
41
38
69
25
0
62
90
16
86
13
0
73
0
0
0
83
80
88
62
98
64
80
68
11
0
22
78
0
86
81
35
41
1
51
0
2
95
40
12
5
0
82
75
98
62
46
40
26
21
14
61
0
27
8
64
55
6
0
2
63
0
92
8
26
78
99
0
79
15
0
26
56
43
40
93
15
84
29
8
76
92
98
46
11
81
13
3
53
0
81
26
100
0
89
0
0
54
78
75
0
87
60
46
30
34
0
99
63
54
0
0
16
86
0
33
0
32
0
0
2
73
99
62
0
0
87
89
61
32
100
0
21
30
15
67
21
8
10
54
4
47
19
9
0
0
77
0
0
13
0
0
70
58
7
42
49
63
0
90
56
100
0
0
40
60
46
99
29
2
0
0
2
60
11
0
6
40
0
36
91
0
0
0
43
52
98
0
18
78
3
33
2
76
44
52
4
100
54
67
22
25
8
46
39
73
86
0
19
71
96
49
91
0
46
79
36
15
33
34
34
49
0
95
86
12
44
68
35
59
86
10
22
85
84
7
95
0
6
6
30
10
38
24
18
16
7
58
51
19
22
0
15
84
0
0
0
98
0
0
83
0
63
11
12
0
0
51
6
6
1
0
86
59
44
68
40
94
86
29
82
91
32
0
95
97
42
76
4
50
28
0
70
32
39
42
0
24
53
0
71
63
45
0
19
92
72
64
0
25
48
38
0
49
83
0
78
0
62
92
69
0
17
4
0
77
50
90
57
39
42
46
17
55
16
88
75
9
0
0
6
8
90
10
0
0
96
84
0
74
53
81
0
5
0
55
71
12
35
62
84
76
8
31
9
89
8
10
35
2
96
84
18
65
56
0
9
14
86
0
80
92
10
98
11
6
71
0
0
20
72
77
72
72
36
72
57
16
7
65
2
9
26
0
64
99
0
3
16
20
0
78
0
0
14
0
0
87
76
8
85
79
8
5
64
70
82
14
47
0
51
49
0
41
39
0
20
80
50
0
27
1
0
57
96
2
63
23
0
0
53
0
16
27
0
15
0
59
87
74
89
92
66
41
15
75
88
9
72
18
70
0
7
38
94
48
67
0
60
0
0
2
57
0
96
37
45
31
19
93
0
93
81
71
75
66
20
98
45
66
27
29
0
42
7
65
31
1
0
62
23
87
40
44
19
0
70
89
16
50
72
52
0
28
11
74
9
51
0
32
48
64
42
71
42
53
0
96
11
42
18
60
76
71
45
34
17
5
40
32
77
12
33
19
73
0
2
0
0
42
14
45
54
49
0
73
0
76
93
87
50
46
0
45
7
75
89
20
44
25
10
82
0
40
0
69
97
74
44
0
40
65
16
0
46
29
20
80
0
81
69
55
93
17
69
3
15
20
11
41
96
0
0
5
0
7
83
67
10
45
0
70
85
58
99
0
23
0
27
0
0
75
32
82
94
93
9
44
78
46
0
0
66
26
58
75
63
0
62
0
11
48
36
13
51
0
0
84
29
22
48
75
19
50
27
79
61
0
7
53
50
21
83
0
0
2
6
56
50
0
0
0
58
18
17
82
94
41
43
43
9
72
65
41
21
82
70
36
3
12
53
39
37
0
47
0
64
5
78
0
66
0
75
26
33
39
100
0
0
73
83
92
68
89
77
99
73
93
9
0
60
73
90
18
0
72
0
78
58
55
54
51
48
58
99
78
4
37
24
0
50
91
0
32
18
21
0
0
0
72
59
0
59
4
78
27
80
61
15
49
33
0
65
0
51
64
83
0
42
73
100
44
94
0
89
78
44
0
41
94
46
0
59
2
8
0
31
81
20
44
68
18
55
23
0
58
70
67
47
99
43
53
23
20
13
63
52
93
54
26
84
81
22
46
5
78
65
25
0
33
40
39
64
66
0
41
37
0
0
82
0
18
77
85
44
79
0
4
54
67
0
47
43
50
0
87
14
100
0
0
56
63
95
97
63
78
23
85
90
57
62
47
72
0
46
66
0
0
35
5
62
0
20
96
78
87
25
72
17
100
21
40
82
41
0
94
80
70
85
72
16
32
27
52
0
20
83
100
0
0
57
0
0
79
36
100
0
15
82
96
34
49
0
90
33
0
0
84
0
29
0
75
77
0
61
40
60
94
21
88
18
92
0
58
71
55
12
20
62
33
28
99
38
72
63
59
64
71
82
30
78
36
77
97
58
71
40
35
49
61
0
0
45
91
32
0
0
0
31
23
0
23
12
87
0
57
98
57
39
95
0
100
36
81
24
87
0
5
79
33
76
30
16
90
52
96
20
0
57
34
91
23
73
