-6417
-8194
-5619
-4631
3323
363
-6106
1590
3910
161
-8007
5320
2350
1387
-8274
5911
-817
-7728
1491
6917
-6572
-2257
9030
-1097
-1183
-1372
-2033
-2338
3801
-192
5871
-1184
9995
-1284
-3345
9527
5683
-3137
-853
-5596
713
5026
-1242
5673
1995
7713
1474
-6780
-4917
-2437
-6111
-9204
5329
3487
482
3107
374
-6310
5770
-560
-5180
-7905
-2887
-2599
1343
3062
6600
7827
-6395
-1797
847
-7676
-2557
9293
-3234
-2009
773
-8981
-5926
5101
9347
-9587
-9211
660
1756
-9945
-9644
-2138
9480
-6578
8219
7385
767
-5976
2913
-2679
-179
4530
-796
9870
3250
3472
-7069
-7673
9540
-4150
-1789
5903
-7877
-9162
-5147
2799
2550
5789
6006
-8804
-9021
-7322
-9933
-8879
3272
8562
2498
-7698
-337
7573
4510
1961
6206
4812
-3858
-4388
6850
-7573
8841
-6672
358
8808
5545
7035
-2820
8449
1695
-2118
8390
-1707
-4352
-1053
7832
-3136
2371
1280
-928
7646
9299
9115
7928
7283
-4840
4000
7275
631
2955
2786
1929
-6418
632
846
4432
-1794
-9123
-1217
5321
-597
-9931
8539
-5219
9310
-4671
8225
2256
-6507
-7424
-7216
-9186
-5186
9791
9704
-9647
6401
9730
-5477
-4029
876
-5042
-2670
8183
949
-4555
7291
4202
-6183
-7573
449
2311
-3596
-5550
3260
6455
-8011
804
-2084
3564
5379
-7022
-2046
-8272
5909
6889
-7098
-3024
5098
-2747
4247
7475
-6849
-7323
-2962
3429
-9173
9684
-7500
7115
-4063
420
-5561
6063
-1359
2875
-1624
-7010
2890
-9450
8110
-6319
9867
2666
-4829
-2587
6641
5914
-6505
-8975
9926
4747
6477
-3342
-6677
-875
-8073
-7447
5442
5806
-7203
6284
-3026
2736
7784
-9515
-8594
-2057
-4709
3180
-1299
-2017
-5839
4399
1468
9721
-9928
7169
-8619
-4056
560
6889
7808
741
-8062
-3054
-3631
-6351
2189
-7191
9576
-1330
8896
2687
1594
-1268
-5596
-5907
2451
8008
-1223
324
-7009
2001
-9011
8770
1647
393
4892
-4934
2669
-1183
-3062
9144
-3925
137
4392
2958
9079
6916
-3404
5951
3505
1417
-134
-6600
-438
4717
-2513
7165
6467
7910
8378
-525
9979
4720
-1074
5322
9477
-4440
-2487
-379
-6117
-3981
3199
7479
-8532
-6361
645
-6413
1221
4623
4774
5889
9582
-2701
3751
8677
1217
-5987
1166
-9267
-2642
-8395
-4510
3953
4180
-4596
-4535
-4266
8758
-5079
-5257
-2044
8022
-8617
-3475
2757
-4906
-2013
5600
-4769
5303
7159
4422
-2736
8599
3928
-1920
-5413
2640
-9741
9931
2965
-2709
-2482
3299
1903
-5448
2921
-348
-6751
-1872
1374
5725
-7199
-2707
2104
-2810
4194
5295
-2482
-1692
8015
-4708
-8732
1774
8951
2628
6121
-7337
-807
9229
-3391
4918
6081
1049
7231
7810
-4651
5830
-9416
-730
-8297
7070
-7134
2940
1080
2488
-8583
-6607
-6297
8509
6527
-8914
5998
6500
-1220
5502
-7696
7218
6588
-2989
9561
-164
-6041
-6235
-3325
794
-1541
3221
5557
-5107
8553
8298
3707
4137
3494
-8633
9511
-178
5564
806
-6184
659
-7550
2895
9991
6311
-2993
5774
6973
-5770
6950
818
-7130
2918
-4048
5393
7420
-5293
-3241
4501
7686
5200
-8855
-5662
-6567
-529
285
-926
8516
-7921
9560
-6047
6517
7062
-5587
-4764
-8812
835
-7665
-5181
8964
4541
6622
914
508
4109
-7648
5440
4235
1680
7277
3372
8239
8383
3543
5751
5256
5481
1484
-675
-3467
-5966
5532
-2339
-1242
2726
-8623
-3136
2299
7990
-9690
2500
-2143
9341
-1785
921
6824
8483
-4213
1424
-1087
-7552
-1117
6044
-7516
-4781
7178
-4926
2562
6078
-6747
-3307
5700
2981
-4030
-1031
739
5057
-6970
-904
9644
-8917
2655
8033
5659
-4563
8199
-9433
-5175
-5053
-4598
9902
2581
-113
8936
8837
8115
-2613
8276
7872
4670
-834
-5219
-3012
-5983
3655
-6600
5356
-7281
2974
9968
9534
-2004
-8350
2828
-4402
-2318
2422
105
-8274
5179
9598
4872
2888
3833
7111
-1409
-7483
-1270
2190
514
-3080
-2534
2552
2339
2959
9575
3503
9292
7199
646
8246
-5032
-8068
3602
-4728
3964
3524
-7503
-4760
6883
-8967
577
-7125
7765
-9916
8534
5587
-8823
-7154
-9712
849
2370
-7280
-6824
-2350
-9003
-9976
-189
161
-1691
6970
3859
9620
4906
4633
5008
9804
-702
2089
5176
-9802
6048
5660
1492
-3762
9387
3947
7912
9018
4200
2371
5768
1179
5661
-8990
3011
-8399
7307
499
6155
1091
-7286
7425
-7219
351
-3559
-4297
-9255
-6171
4213
-1836
-6748
7470
-6739
-4421
-2720
-142
5784
-332
-835
3420
566
-4256
-8609
1573
-7337
5691
3406
4542
5426
8967
1684
-3483
8342
9025
6590
9031
4393
-9932
6450
6091
8261
-4890
-3069
-4509
-4482
8668
-1323
-4831
-1939
7681
1135
-7587
-349
-2268
-3965
3936
-8661
7652
-7236
355
2580
-5310
7678
-3723
156
-5841
-4745
-2976
-2215
9570
-8095
-9476
6967
-6397
9979
1714
-1099
567
4250
-8522
6571
5699
-7040
5280
1119
3085
4341
8540
6953
7206
-5572
5061
-3473
-3103
-3431
-2015
774
4320
-6371
8276
-5273
4413
-7917
-3229
-1515
-6095
4301
3203
-2356
6100
-6133
-3621
-2057
3249
6620
3527
-4302
-5766
-2650
4570
6602
-1003
-9831
-9034
-4829
-3700
9197
1030
5070
2699
-6769
-4418
-1576
9483
2709
-4509
6144
-3750
5021
9913
2885
2399
2390
5804
8018
8085
7603
3076
4322
8545
9238
1529
-3315
6414
-2375
3528
4187
-2058
7124
-1302
4104
7378
4295
5353
-7250
-5752
723
-4977
3083
729
-860
-4346
-8425
9813
8190
8887
-3048
-3212
9827
-7793
2878
-2005
-333
1540
-850
-9103
-7834
-6791
-3861
8910
2084
-5694
-8983
6246
6030
1844
4860
-615
-4585
-233
3683
4211
-963
-6185
2140
744
5292
-7572
-4597
8381
4529
-893
2112
8980
1453
1336
-9225
5133
4071
-2449
-4139
-1000
-2730
-8528
-8806
-4681
-3171
-6657
3986
-6297
-351
-7168
2159
5909
-5049
-4081
-6114
3486
-3624
-2541
7754
-3941
-7900
-4807
5023
-2490
4315
6489
-4096
1631
6532
7921
615
-8976
8477
4828
1369
4106
5829
3848
-7764
5014
-1167
3430
-594
756
-8796
3798
-1890
5338
484
3588
3305
6075
2878
-1912
-927
5790
-7328
9408
-3501
-6891
465
9436
7007
9544
4557
8957
-5081
-4258
-1449
7628
4537
-381
3025
-5463
9393
-5893
1899
5201
9635
774
-228
4184
-9840
-2102
-762
-3253
3526
5127
-9137
1619
8196
9679
3126
-9910
-9444
-600
-4304
1961
-8446
115
-2163
-4582
8575
-4128
-3688
-5348
-5099
-4740
-3918
-7512
-8946
-1518
7766
3702
-2305
-957
-4549
3855
3823
-2067
485
-2020
2990
-1506
-5647
-4881
9520
5904
-4982
7709
-8131
4623
8807
-5356
5487
4626
515
8670
-5683
-8536
-1006
7605
-2909
690
4233
2170
5037
2186
-5874
824
-2513
-7359
6066
-4980
-366
2137
7769
8485
-936
-6145
4255
-1246
2785
-470
-2566
-8726
-4714
-9545
-9553
-7611
-1681
4191
4288
1481
8651
1074
-9702
-7592
-1711
5200
2377
9430
539
5937
-7012
-2924
6800
8306
4658
-5873
979
-5437
8066
2184
-7720
-9173
9518
3529
9879
4761
-3554
-1928
-7979
9324
7297
-945
-2019
7352
-4359
-8334
3706
5630
-7026
-4912
-9873
-9393
-9932
-5415
4686
708
-3056
-7744
-6896
4181
9040
8471
1666
8791
5389
-5155
-485
-1142
-2068
145
-5887
441
-7181
9228
-5057
-3163
-4090
4888
-2638
-5355
8025
-8318
1512
-6368
-8481
6800
-6805
1486
9755
1036
2036
-5825
6535
-9938
-4287
-6892
-5637
-8646
6884
491
-6400
2642
4682
7735
4062
-1536
-5567
-8715
-6392
-7390
4681
-7368
2747
8696
6654
-4271
4392
-5062
8656
1567
2418
922
-7866
-1460
4107
3605
1001
2707
7302
-4865
2156
2205
-8463
8218
206
-7309
3757
4467
2334
-3668
-8065
-3000
3880
-3998
5484
9801
-6487
2321
-2478
-5536
-5760
-8670
-7686
5082
-6357
-7816
5296
-4515
-3308
8982
7548
7940
4718
-1124
-145
6254
-8719
-3570
-5709
3294
9022
5493
-1184
3994
8388
4998
-4842
-3667
-7524
-8943
-5271
6292
-4352
9692
-9476
-6572
9504
731
-4257
6587
3178
5805
-7005
5263
9510
7260
3414
-6759
9471
-9454
-7000
139
-2439
594
-6788
438
-9187
7315
2599
-6111
6550
-705
963
-1821
8438
-8847
-3277
-7637
1055
9745
2054
-4565
1151
-997
-6437
1832
8314
7366
-9321
7185
6712
5010
7553
-2581
-8473
2858
-3168
3646
-5586
3822
-9802
-9729
6528
6829
6848
-9662
-8391
-9896
-5503
-7707
-2562
-1369
3113
7213
7323
-5876
-6341
2976
-9382
-909
744
-2976
-9399
534
4436
4909
-2251
3558
-2599
-9038
2097
2779
-2840
-9247
-2606
4897
578
-8204
3799
5581
-441
6452
-9280
1606
-5581
3600
-2804
-4070
1045
-8247
7532
8014
2006
7055
-2306
-2702
-1962
9498
2331
3146
7161
-6422
2634
-5104
6371
1923
5999
4260
6959
-8562
-2517
8592
-143
-6319
2067
7289
5695
4564
-1674
-9817
-784
-7089
-7830
2826
-9478
9418
1348
-1163
1434
-9911
3534
-814
6634
4762
-2233
6177
-8910
6714
-4465
-2259
8519
-9688
1944
-167
-3710
-7479
-4334
-431
-1238
2224
2834
-2079
-6250
5299
2921
-2840
-5076
2517
7146
-3314
-3096
-8342
-1563
-5711
-1334
9982
4582
662
-1077
978
7443
-2483
-1149
-4998
2700
-841
-1584
-2818
5160
1109
9113
2365
-1433
3624
4774
-336
2832
-5291
-1697
-5043
5871
8405
4202
-8301
7817
3866
3740
-9082
3632
-6421
-945
-2689
-9193
-3710
-9809
6510
1676
-9643
-447
-9482
2605
-4910
-9948
-1051
-1455
-3096
4707
7697
5223
4352
-4425
1742
-7698
3860
-9945
2298
-2870
-8606
-8663
7679
-3374
2232
3993
-6214
3182
8024
-6831
9833
-7232
-786
-9074
9648
8302
-2232
-8537
-8996
-3762
-9805
2272
6650
-8790
6011
-5313
-8452
-1943
9078
-2144
-2294
7033
1206
-2189
-2249
-9848
-649
6581
-8223
8593
549
6449
-645
3023
145
-3628
-9140
-9432
5874
-574
-2541
4641
4442
-6440
1428
-9320
-2493
-8965
4760
7325
3958
-9797
6337
5971
127
-8140
1186
7101
6261
-3627
5097
-3039
706
5715
-2766
9111
-7229
1859
-2840
7281
9606
-1397
4351
-745
5470
5407
4887
-5051
-2209
165
-8287
-1394
-4254
6849
8323
9925
8903
2022
8324
8731
-5449
961
2488
9591
9831
-2745
5342
-4507
-6233
-3997
-4426
4338
6519
9871
5067
-988
690
-430
-5379
-7272
5097
9557
-1148
4734
1121
7556
-2409
8560
3798
1557
161
5135
7381
-967
-3093
2913
-819
-2285
-9141
7823
330
-8760
4100
7361
-9431
-3490
4743
-7747
7559
-1552
2303
6389
-620
4140
5712
7275
-2752
1577
-6649
6339
-6209
771
-3801
-5220
-7230
-6777
-509
-794
522
3356
5437
-949
-4637
8256
6671
4375
4380
2295
-3357
-6943
-3557
-4361
3857
-1145
7087
5047
8574
9836
6495
3966
-1732
9888
3932
-8515
-5196
-3728
3922
5224
1263
7321
-9033
-4406
-1325
7199
-8400
2543
-7581
5141
-5343
-3067
-7089
-224
-1172
-8967
3023
7660
-1051
-5903
-603
8127
-310
5693
-5925
5497
9425
-3731
7767
-7330
-2607
-936
9040
9687
1661
213
-186
4538
1000
1336
-681
8925
2100
3820
1796
2079
-8204
-3235
-9679
-8861
-1620
7582
-5063
-7214
9079
-3657
-4794
8160
2073
9760
-6026
-4418
6066
-5550
5453
-5633
2198
2556
8531
-419
5794
-5182
-6974
9702
-6578
-2549
-9050
-7931
8047
-3357
-8575
-5319
4642
1879
-629
-4962
-4791
8379
-9220
7252
4877
1777
4692
-448
-9823
-1848
-1113
-3081
-6977
-6495
1852
3985
4700
-6057
-8189
-908
3212
-5838
4058
6763
9572
6359
703
-5438
-7466
-3449
5662
-615
6028
2736
2869
-9730
6304
-6547
-8772
8335
9641
-7461
-6352
6793
-4184
5357
6932
-7242
-798
3307
6631
2795
1923
6713
-9294
3582
-3640
2182
2389
797
8304
-5511
-6903
-9885
-5507
103
1747
553
682
-4676
7813
-2264
-2969
5325
5270
8939
7896
9526
9153
2438
-1275
-8756
-248
2514
1150
-7019
-9137
-7628
-9799
-6877
-8953
-6892
5794
-6645
5493
-541
5522
-529
1871
-7236
997
-1319
4612
5780
1812
-740
851
-3926
-6058
689
9540
8099
-3469
4992
-4132
-422
4728
3236
976
2163
-4832
-5240
533
7913
-7572
-4893
9204
-3836
-6496
1505
7508
-4583
-5959
-2611
-5501
-8653
3294
863
6055
6349
1184
5216
7571
1524
-2155
1863
-8487
-9338
1716
9815
-6650
4484
-1080
-8230
7181
-5276
9537
1448
-2186
-4108
-6058
1657
-8574
8464
-5774
-923
-493
-2398
-2461
-4690
6568
-3535
4272
-7300
-4920
-4298
6616
617
2859
-1336
9284
1587
-4774
-7064
-6889
8946
-5184
-7473
6700
-7685
7931
2649
1797
-8473
-4201
1758
-337
-794
7703
4964
-3805
6705
-6544
-6914
8777
-6752
7657
-4641
7392
3380
-7386
2786
1743
-7757
1644
-4100
-7510
8757
7170
-3088
8205
804
-5152
-8321
3835
-1137
6153
-6038
6456
-1907
-1590
4089
-6194
-253
-1912
-3490
4070
-5006
2885
-1562
6691
-7948
4526
436
-3329
-8145
-7472
-8113
432
5318
3592
-3785
6793
-4508
7739
-1489
5920
-5497
-5052
1467
-3988
5958
3491
-6241
508
8304
-2375
-1899
1157
2341
8375
-4769
-5225
6103
9177
-4325
4297
-2740
-3145
1593
4406
-283
8685
6565
-3281
-1042
7419
5478
4141
-3827
-2550
1037
-9080
492
-6526
3753
6712
697
-3623
1985
2904
-8872
-3171
8002
-1060
-271
-7282
-7522
7956
2433
-7825
-4701
1548
-6269
-8741
5672
-6117
-7904
-2800
3724
-8547
4832
-7743
4484
1092
8468
3025
-3397
6754
-6396
8401
-4325
4676
-8815
-1549
-5733
3326
-8762
-8180
4042
8994
4740
9608
673
9205
-8503
2447
7707
2984
-439
-1028
7273
-3129
147
6118
-612
4069
-7890
9530
4100
6858
9007
-8573
7477
1689
-4493
5461
-8887
8170
713
2631
5285
8590
2376
-7638
2528
225
9481
8840
9761
-3101
6277
-5117
-6293
8458
4697
5267
-1238
-4552
1940
-765
-4311
6699
3252
765
3904
7200
-6789
3841
-3595
-6202
-1186
1827
5079
2936
-6594
-5344
7643
6062
-5657
3689
-1841
8159
-5927
-6477
-7007
-7714
-2606
-2757
878
4364
1610
1157
1636
3569
4568
374
-6927
5496
8945
4832
-5358
-8683
-9485
-5713
-9064
-5650
7345
-8441
4385
2044
9334
-5509
-3640
4728
3690
8998
-7151
-5242
9622
4462
366
-7949
344
-1745
1018
-8192
-3925
-4679
4052
-6370
-9575
6295
-3590
-1235
3071
-820
5964
8697
1615
173
-6268
2012
5570
-6189
-1592
8183
2791
6464
2277
7034
7475
-275
4931
8218
2574
-1163
-6677
-114
8364
-416
7772
-8377
2349
7120
-3280
-8082
-7358
652
-5134
-8969
-7953
-3568
1495
6778
-9202
6304
-5340
-8081
-380
2710
2290
1580
-9112
3143
4566
-947
4373
878
-9169
2178
-181
1944
5943
4815
-338
-6180
-5830
5088
5458
-1345
1236
9463
-6022
2510
-332
-2473
7117
3868
3579
9928
2146
-1539
8492
8015
-9602
-2495
5274
-3562
-5519
9162
5217
-7106
-7200
-703
-8689
2106
-882
3361
858
3179
-6708
-9477
8286
-9675
8437
-4487
-1332
5876
6631
8022
-7396
908
-317
1218
3899
3191
-4710
9004
9056
3296
2777
9855
-5354
-6871
744
-5605
6448
-1146
-2884
-6881
-2294
-3965
6322
358
9416
-2520
-8657
-8826
9792
1177
-5708
8681
-1067
389
9621
8427
-4800
-7948
2010
-2750
-5083
-7635
2700
6689
-280
-1441
-2172
-5243
1932
4437
-7194
-2713
-2530
-5588
-6300
9685
5834
-7341
-4442
8446
-1519
7914
-4735
-3373
-1830
1781
533
-2689
-5472
6253
-3883
-4336
8022
-6350
-1894
-2121
184
8377
8878
-9986
3654
4749
6649
7967
-4577
7375
-8929
869
278
-5509
7687
-5354
-9656
8537
3417
-3753
-3662
-4011
-7551
5161
-2269
4032
7595
-1146
4646
-1788
2141
-815
3437
6180
-4990
926
9472
-7532
-9369
-4420
-8370
-4632
-8299
-8802
-6804
6422
-4618
-6858
6123
4999
6753
9351
7151
-3805
8400
5104
1536
-6193
9635
146
-1521
-9198
6885
-5539
2058
-6761
-8761
-5360
3304
9825
-2242
853
7955
6427
-5575
4682
-9895
1789
-5059
922
-2191
469
-9319
8549
-5839
-415
6920
-3295
-2238
-1127
8259
-2600
4508
-3348
-211
-6493
1157
6388
-3015
-7639
5960
-1207
1636
-3943
-1074
-9772
-4182
-2008
-6364
4655
-9726
-4833
-1012
-9208
6133
2763
-4127
1217
4362
-6045
-9578
-2617
-9297
-1847
-1723
5365
-917
3641
3887
-5815
6113
-3769
6016
9036
5743
3158
5451
-6909
4288
6914
1533
7987
5416
-1808
-9609
-4963
-7030
3382
-623
-4587
9482
-7296
8915
925
-7214
1493
2366
-2964
4174
-2654
-7806
2501
4822
-881
8219
4821
-7240
1795
1457
-5774
-7692
3652
8359
-6843
-8126
-4810
-6078
7739
-8681
7956
670
-9209
2114
3182
1953
-1121
3437
-2787
-1588
-5698
1758
-9568
-4757
2771
-6922
-9120
9282
-2237
720
6578
2835
8603
-6887
-9462
1753
2430
7942
884
-7504
1789
2070
9268
-4655
3384
5866
2768
-6180
9932
7683
-6867
-9233
-6796
-1165
-8376
-7987
-3103
7535
4628
-3657
-4300
-3781
-1604
-8662
8830
-7668
5695
-7414
-6275
1057
-7151
-8707
-3080
5893
6691
-3136
-613
-6340
7668
6976
1167
-8410
-2130
5509
-7372
4469
8814
4769
-1760
-1756
-8112
-4098
-6567
2051
-7350
2552
-7241
734
-9774
-8658
-7859
5859
6202
9266
3421
-9182
-9442
9617
760
9799
2128
-1659
3373
7238
-3771
9418
-7734
4122
2089
-9379
-1109
7209
3233
-2423
1224
8353
3841
-4815
8361
8196
-4801
-6648
7837
1422
-4427
5440
4760
-1482
-4100
-1286
3322
-6175
-7530
5671
9664
-7723
-9341
-6363
-1016
-8290
9730
-1262
9589
-6998
6142
2691
-7965
-5724
-3890
8456
-1339
5118
-464
-6082
1043
-4988
9367
6165
9345
-1186
7660
-6370
-5044
2718
-1404
-5514
2062
6863
-473
3563
3334
-5011
4204
4164
7245
-3844
4325
-4024
-7799
6622
7845
8446
5467
2594
3591
-6803
-7064
4873
6709
-6228
8925
-7699
8285
-1512
-8647
5385
-4579
-3427
-6832
-4811
-9272
4421
-2712
2737
3293
3347
-7452
6900
-281
8511
-110
6197
-6917
1256
-4170
3025
709
-5596
1592
-9598
-2912
-6352
6860
3372
9018
-7906
8092
7317
1592
-6136
4621
-5218
-4115
-4397
1421
-3862
-569
7075
-669
103
3784
-4969
-1025
3022
-4033
6831
3990
7335
148
4962
7317
-8713
-1806
-7735
-8573
-5763
6069
-7162
-1772
2370
2608
-3302
405
711
-7963
1574
-8815
-8880
-7461
6503
8343
-2884
-2753
-1939
3571
-1258
-6028
3834
-8413
8660
6274
4061
2870
6395
4935
-2748
4062
9996
-5992
4933
8287
6634
-6528
-4702
5112
9584
9940
6706
-8290
1051
2503
8979
-5368
9107
3324
-6552
-7183
-1496
2794
-9266
-6841
4038
3374
5840
-6675
6237
3682
-4581
-1481
-7038
-5437
7072
-1938
9643
9484
-2796
-5454
-4660
9455
3716
8111
-6001
2774
-5917
-8040
-1947
3121
-2650
-8800
-2346
9549
4755
4550
-9712
-7650
-6898
-5612
-6092
-1931
-1437
-7665
-8217
7783
-1354
-9148
4100
-7689
3344
3544
3973
1735
-8852
7662
2417
4563
2367
5158
-1762
9275
-307
-1843
-2305
9317
-7389
-2463
4447
9661
1713
-5630
-9481
-6402
-5647
-4228
-2122
1210
-7663
6591
6252
-4703
3806
7206
-164
-4124
-1429
9143
2065
-5758
-9620
7652
-9438
1493
3271
-2426
9736
986
5681
4458
3561
-4443
-4045
-5495
4254
-2440
-5017
3767
2777
-8600
7981
7076
5695
-2506
-1223
2042
2241
-2063
-7978
-422
1469
-5031
220
323
-282
-4865
4690
8831
2831
6118
-2336
7048
5703
9371
-7389
3493
-6339
5788
-5636
2524
9592
-9605
-5141
2218
-2942
6524
-6642
1666
-6871
-8546
-8895
9139
-4579
-3488
6154
-8571
7661
-7264
4918
559
4884
5237
2710
-2942
7063
-8854
3237
3143
-8743
5753
7052
-545
-1826
-8128
-5887
5714
5340
5676
4021
-5082
-8701
-6892
-6493
-8654
-8308
-9164
106
100
1654
-4493
5473
1233
3785
7776
7988
7475
-433
-7478
-5220
-3695
6055
-4322
3695
-8318
-1407
-7984
-176
-9667
-7733
-3490
-4900
9594
-1659
-928
4720
2032
-7045
6102
4918
2779
-4816
827
-5066
-791
3591
4815
-2326
2749
1129
-5533
7512
-4877
5898
4459
-3342
8389
-2957
1400
9716
411
-5261
6629
-9265
9974
-5256
-2442
207
8371
-8022
-6521
-964
7999
287
-3935
3490
-7839
-8763
-6368
-1154
-8505
2721
573
3630
-722
6983
-3825
-627
3854
-7098
6599
-9228
-9512
1681
-362
-952
8965
-1835
3774
-1459
-2492
-1613
-9513
4213
-4345
7709
-6613
8100
6769
-3225
-9315
-1050
2652
-8520
-1542
8179
-1394
4671
-5379
511
9468
-7027
-7278
-9615
-4752
-4290
-9795
4361
-2010
-2158
-6277
2469
6801
-4558
675
2801
3909
6733
6966
3326
-6732
4343
-4357
-976
-8181
8416
5114
4527
779
747
7140
-7511
-8136
-8792
8578
8945
-913
-7094
8422
162
8275
4477
-4585
-8275
2400
-4325
2964
2486
7232
-1111
-4303
-1607
535
8827
-5548
4021
4205
-694
6686
6516
-4815
7863
-5574
8523
115
-8544
2514
1280
-7320
268
8188
-9351
4351
-2161
-1604
859
5808
7781
6616
7337
4840
7419
4621
-8532
-4697
-8642
3003
9204
-9366
8120
890
1730
-1415
6430
-2850
-3544
-1271
6244
9036
2822
-2267
103
-9160
-4850
-749
-8062
-9965
-154
-2543
6019
7631
2332
-3947
7197
-4550
-1030
-2943
4032
427
-3480
-1637
7077
-2484
2198
9472
-1589
-2784
8270
9395
-9283
-5401
-9702
-9322
-4653
-9737
6003
-4765
9998
-9864
-6241
8796
7759
-1155
1673
-7117
-2144
689
-1594
2028
-2226
-9139
4161
4704
-1675
-8093
2510
-621
3531
7144
2612
-3250
-9485
-4714
4327
9026
3090
8671
2536
7926
5752
9226
-2531
-657
1966
-5069
-7514
-1587
-689
338
-365
-4019
-653
-9893
9929
4943
4907
3725
-5352
1034
-1313
2502
9985
-968
829
7789
-6791
1474
-5547
361
914
4021
476
9508
-5093
-9442
-1591
-6127
-9349
-5075
-4556
-2434
-174
-4585
-8989
7789
-2883
-2247
2061
4406
1670
3853
6373
7914
-751
-2052
-3776
7842
4570
-5296
-4423
2778
-1272
-4850
1180
-8777
-4212
3366
-3781
-1997
4524
-9778
1460
-6824
7932
9798
2449
7057
2391
7339
6332
8528
8004
-3296
3797
2218
1684
-9552
-8294
7553
9173
3724
-739
7042
2841
-349
-562
-9011
-4121
4835
-349
6723
-5016
7979
-7372
-5622
8495
-5831
4739
-7447
9650
9765
-6836
-6205
9152
-1981
6169
8285
-6174
-7614
-3757
-9656
8759
-7064
-8900
-664
2225
-4845
5211
-4024
4729
1285
-684
4736
-9909
-2002
-519
-7720
5885
-2327
-4624
8605
464
3748
1605
-6901
-5267
4284
-4454
-7761
-8795
-3591
-8981
-1349
-7598
4258
3955
-4479
9550
-8735
-3553
-8542
5901
-3078
-2823
7580
-9908
8664
2801
9515
9326
5359
3621
-9885
9711
-5379
4012
-7810
206
-5819
5348
-9668
1422
-7852
-3306
-2424
-7396
1675
2071
8749
-8868
-8602
8919
7035
-717
-9736
-2749
7991
2726
8247
3229
1371
4415
-4292
-3931
-700
-2448
8101
-391
-3996
234
-6557
939
7433
-525
2268
-6795
-9608
9339
912
-2265
-3005
3811
8038
-4239
2785
-3382
-352
-1802
-6413
5112
-9511
6508
-8677
3703
-1509
1041
-1439
-1042
-864
3308
-5967
8585
-8390
3356
-7308
-3581
9247
-2167
-1044
-1989
7796
-5459
2661
8205
-125
-8550
-9164
-2275
1830
-8735
-2643
-6983
6153
-3365
424
7261
-8244
5419
-1243
-6252
5867
-4710
6128
4786
-6754
-5404
-9171
7568
-2945
4315
9324
-1834
3008
-9022
-9792
8605
3580
380
716
-9435
-2042
2811
-3459
-2727
-654
-2374
-3359
5750
-6842
5284
-1400
3702
-9023
-9041
8722
6231
2286
9177
1625
-5995
-6348
-6082
816
6336
-1133
4481
-1022
-6137
6977
8177
-9752
-8043
4368
7855
2981
4366
-7164
-5281
1134
-6791
-2365
-3856
9466
-2149
-6119
-172
-1798
-6907
8776
-3351
-7890
-8975
9815
-6375
-2067
7043
-6200
-4090
852
-2382
8458
-5280
-1022
9120
8886
-578
-7383
7616
-4295
-2706
-3763
-1356
-9219
6992
-236
-4857
7647
-5895
-1571
-5165
2393
6109
-1731
-3960
-6988
-1490
8983
9207
3664
-8642
588
4283
-7758
232
2948
2839
-8380
-6002
-5096
-4593
8876
946
-8285
3627
9496
-4968
8352
-3498
5117
-823
-9758
-1364
-8118
7989
3769
-3719
5848
-2175
9641
-2202
-8317
1768
962
394
-3688
-8600
4109
3889
1805
2909
-6078
8872
-9503
5755
-2948
1069
3943
-8056
5839
-2216
-8891
1468
7413
-9806
223
9756
2191
1767
-4396
2135
6933
3276
-8400
5244
-2756
7659
-3770
1278
2062
2219
-3423
5842
8092
-5402
-4375
-7816
-9183
7207
8305
3155
2911
3111
-4560
2887
-8119
8045
-4836
2937
-2912
-9458
1534
6467
1064
9325
-1673
-338
-8391
2664
-3133
-7599
-2676
-2843
-2454
5221
-983
-3170
-4820
5109
-4536
9511
8794
-5596
4355
4362
6160
-2297
9321
-9663
7807
-5552
-3228
-5919
8351
-538
9565
6020
512
2529
-1530
-5032
-7115
2002
-4938
4087
-4773
-8429
-2568
-9378
9650
-2926
-5071
9823
9812
-8136
948
9547
-2391
-7673
4529
5331
-7939
5228
3493
712
3438
1952
-8765
1147
-8906
5138
8033
6610
8320
-8605
4962
-5148
-2439
6106
7994
4661
3596
3726
6693
5734
-1056
7232
-1466
-7627
5977
-2412
4739
3236
-8442
-3398
-9623
3228
-8986
5149
-3381
4856
7346
-1619
-4392
-8056
2812
-9250
-7619
-242
7268
-4740
368
2009
5289
-2234
-3874
-5527
-244
-649
-4689
-5146
-5060
840
-6473
1522
-9462
-994
-384
516
-5239
-8503
-7744
-7333
3521
-9859
-1022
9397
-2485
468
5932
2844
-1410
4533
-4380
-5260
6253
-8061
2833
-329
-6639
-8654
2469
483
3989
-8004
-1805
5803
6817
-4751
-439
9256
5028
-1152
2737
378
8576
-5383
-3880
8715
6545
-3490
-2517
4231
4993
2415
-4919
2969
5309
-6454
-4407
7835
405
-5345
4938
-9662
8668
9715
1411
-6784
6791
-8860
-3600
7037
2068
-9402
-7395
3620
3435
5419
-189
-7977
-9161
7198
7728
7830
-5669
5193
-8670
-4707
3592
4220
4803
-3410
1913
4946
-6357
7916
-9359
3616
-7352
-5322
2246
-4451
-2986
4379
-3329
6540
3656
-5407
4532
-9942
1138
6441
503
5598
234
5980
-9389
9065
-9304
-1493
1310
-394
754
515
-4378
-3848
9554
2938
7248
-7245
-3267
7027
5764
-1422
2240
-7933
-6805
-6581
9192
-8279
2802
6996
-7976
7106
6596
-9131
-3705
1144
9385
9334
9680
4937
4808
-7692
3699
-5457
-7518
-8405
944
-4172
4161
-8802
-7177
8227
9823
7913
5981
625
-7033
-6896
-8579
6368
-2100
805
947
821
9629
-9875
9414
3446
-3443
3675
905
4684
-5168
4511
-8390
-494
646
8243
4250
-2509
5912
3666
4255
-6651
-4653
1825
7674
-4191
-5354
-7651
-2783
-6176
-6185
-9724
-1042
1832
-5322
-7022
-9978
437
-4843
-6387
-2108
-7065
3348
3122
6083
-7784
-385
8128
627
8189
-1733
176
-9975
1710
-4016
7902
-3006
-4646
4731
1464
-5258
-1638
-914
4126
-3999
-9878
-855
3377
-3592
5193
-5377
-7833
1767
-6682
-830
-1593
-6559
-7646
-5750
-7528
9176
-9971
-2770
-3975
9610
-1012
8118
-7854
-6743
8547
-2334
-7031
-5866
6569
644
7060
-371
1062
-8577
5463
5670
-4297
8051
1311
-7018
192
8225
-8228
-8077
-6997
498
5534
3740
-5716
7189
-4310
4845
-4214
-7924
2503
4264
9749
-5618
3263
-6332
-439
-6617
-8313
5311
434
-2415
2882
-1680
-3620
-1220
-8455
8666
3716
5089
4830
-9218
-5450
2336
7608
-7683
-1444
-5739
197
8769
691
-4431
-3040
180
-3043
1435
-4005
-2812
-8447
9218
9451
6635
-229
5490
8423
-5127
5452
-3056
7067
3142
-9251
-8691
-3224
9285
232
-8109
9962
7372
9466
1908
8469
-1851
7341
4334
-5909
-5364
-3715
5460
-7220
-7390
8048
5850
8168
-2040
2431
3782
4696
-719
-3342
-4042
8530
8085
6706
-7258
-1533
-2418
-4107
-1232
-6279
5216
-6236
7886
8122
4024
2764
-6964
7038
7142
1179
9439
9192
2757
-3236
-1821
2593
5613
2185
-1622
839
-7697
1214
-3387
-3525
6725
3498
1146
3984
-6070
-5002
3035
3814
4077
-1443
8348
-6357
4806
-159
9247
5911
6137
866
-155
-2882
8650
-7201
-9246
1643
-1559
-9583
-8441
-547
1892
2893
-6268
-2030
9863
1590
2253
1137
9092
2564
-7560
-2003
-1864
446
7361
388
9088
1535
-1458
-754
1041
7410
4004
-8589
192
-3664
-7861
-526
-3598
-7935
4908
-768
3561
-2086
-9352
4539
987
-1597
-4254
-6787
-585
3332
2367
-3872
-5665
6028
5964
-9726
-3014
-8678
7755
-3272
5129
-8815
-4025
8934
7821
5324
8562
-241
3219
-2681
-4055
7867
2918
-4428
-5498
3482
-5085
3192
-6242
-6277
-6250
8174
-4131
7108
8689
7985
-9122
1449
4425
5135
1707
-2594
-1649
998
-7236
8182
-5442
-2483
1206
4172
8903
2495
-5797
-9311
-2053
4105
-7909
-4882
437
2309
5644
5388
6604
-2122
9253
-146
-7691
-2288
3919
6920
-1058
9700
7233
-6987
-5235
8626
-5662
-3520
-2512
6124
4233
7364
-829
-9402
3541
3065
-9420
1949
-6044
-9094
-4721
-3079
-1923
8720
-3349
-3276
3422
7367
-3763
6815
-1167
5085
-6703
-9699
-5017
397
8438
1566
6053
-4926
-1374
-478
4284
-4509
3788
2381
-4749
299
-5683
-4696
6804
390
2272
-1919
930
-6674
6868
-8193
9299
4551
4555
892
-6610
2510
-7843
-9304
2782
8968
-5961
-620
5320
-5188
967
-2452
-9777
5223
1013
-9533
-6518
-6399
-8523
-282
6736
1930
8192
-3428
-9151
5590
-8152
6600
6710
5201
-7308
-2252
5248
1699
1046
8307
-5489
-1890
9211
9624
5309
-7463
7074
-6106
7152
-1759
-2848
-2349
1553
-3435
7467
-5497
-5496
4250
-1763
-5736
7622
-5140
-1234
-6200
-5376
1734
-6222
-3527
8091
-2556
8070
4387
-6396
-3861
-9987
-3927
3872
-8985
4724
-8650
8166
1677
6830
-469
-6269
3233
-610
-1879
-8207
2021
797
-3329
2737
5010
-4644
1425
-6182
-8813
-8075
-4723
-5592
9553
-4193
164
-1603
-5684
2697
2103
2196
9317
-5245
4416
-9152
-1039
-1514
-5883
7106
1592
-2658
-5780
8388
5022
-9621
-5124
-6688
-1636
1565
-3867
-8843
7392
-8904
-9045
-6867
-2404
-8338
-7911
-4431
544
-7185
7841
6491
-7154
-6571
-7159
-3207
-961
-4380
-3804
-6849
7042
-7692
-7394
-1175
6774
7470
-5372
7301
-7324
6147
-730
1938
-1881
5628
-6455
6175
2650
-8517
7785
-5204
-2015
-7154
-1596
2121
-1838
2957
-7214
8921
-3265
8979
202
-9603
-4401
2356
-3666
688
-2479
-2543
-1364
3303
-6183
-3072
1034
4153
-5152
6509
6931
5165
5484
4535
-975
-4074
8051
2422
-9317
-4747
6520
260
2198
5706
-4184
9569
6587
8863
4234
-4897
-5834
-1915
-3909
-5320
9662
8131
-9014
-2173
9540
-8639
9559
-8648
-3285
-7745
9356
-1151
4324
2217
-9725
-9261
-3506
6601
-2566
4260
-7013
8387
-4200
-8574
1143
8123
4939
-7240
6415
4814
-8129
-3266
-4131
4395
-7052
-8544
6229
-9655
-8945
5615
-4089
1056
-5126
-4506
-8634
6168
-9119
-9664
-5336
-2647
-6882
9460
-9866
-9111
9483
-6900
8141
-2503
7085
2495
-5507
-2297
-6109
-2561
-7291
-5960
3595
9911
3986
-335
-6617
4317
9161
-2452
5768
6743
2070
-5449
-8346
582
7912
-3197
7621
-5226
-4328
3635
1056
-3876
-3244
4121
-5324
4047
-780
-2915
7701
-9011
2958
-9424
-2180
-9484
2954
-8335
-138
-7563
1929
9748
356
3906
-2345
749
-2469
-2597
-4807
-1600
-3790
-9154
-973
-1847
-7795
6818
-6616
-929
-2233
-8308
4967
-2686
-6779
-7745
-5638
6901
7494
-2378
-2224
-6172
-9856
-9839
-3019
1740
8940
-7384
2437
3226
9212
7690
-6764
-2876
8112
-3113
7954
-7930
-4776
-7935
-3920
6118
7045
-2989
-5418
7005
9464
5751
1721
6429
4388
9723
5255
-5669
5010
-2397
400
-7983
1207
6199
549
-2775
-6625
6836
-329
-2692
9065
-4570
6079
-8889
-2129
-3576
-5140
-1824
-7136
4421
-9585
2951
-3783
-8346
2701
4109
-6760
-4427
-3152
-7714
-1616
-4837
-1461
4304
9668
8117
-8609
4070
3033
3648
-2814
-1516
-8515
5177
-2951
5670
-9588
-5266
2313
2956
5961
-9343
8307
-8948
5326
-9012
3855
515
5887
495
5010
6364
7030
5096
5012
8233
-9917
-1572
-915
-4112
6364
-6955
-424
-9533
891
4444
7941
4889
8576
143
-860
7139
9939
3904
-7649
4156
4569
-625
7028
2603
-7033
-8113
-4876
-1729
-3665
-2643
-9667
6951
-9178
-4411
4010
1384
4146
-4765
7531
6207
7691
3653
5439
-7305
7742
-2432
-2700
-4329
7872
7354
-6084
-411
-1697
-3439
1963
-6084
9298
-4623
9028
-3267
-6065
-7790
-8334
-5924
2946
-9802
-8121
-1505
-9423
-2502
4839
8844
3426
1285
-1154
5451
4911
4645
6143
2159
3069
-7317
-2408
8081
-1547
3676
1909
-4663
-6279
-1472
3775
-9863
-8734
9853
-8002
-956
6265
-2953
-5159
7519
-3284
5558
4264
719
-8346
9431
1430
8867
9246
-4181
-9251
-8265
-5281
8589
2435
6796
-6726
-9327
-522
2629
4377
-5567
-4262
4531
-1611
9095
-5255
-5488
4192
9369
505
458
-5292
3751
3687
7668
714
-3488
-3453
8621
4021
-605
-9914
5601
-9316
-3716
6668
-5967
-1147
6163
3105
-6712
-4596
2906
3314
-7220
-5338
4521
9222
3359
-4900
-5797
-2049
-8772
6806
2535
9812
-9935
-4173
-1318
9607
7488
-7808
5494
-160
8843
1327
8618
6653
-554
-8929
4127
4306
2339
7184
6496
5811
-8450
3590
-7355
3181
-4751
-8286
-4023
-9934
-6365
6850
-9313
764
-7336
8582
-5649
7842
-6779
739
-6880
-6608
9658
9988
3919
8440
6857
-2156
9587
1769
6532
-4499
-5528
-2719
-2583
-5498
1116
1549
-6321
-4549
-4215
-3856
-3257
3867
6809
5827
2887
-4946
-6520
-294
7099
-6928
-7601
-9448
-2287
4679
-2034
-8763
9098
-7528
-2691
7885
5213
6158
-1694
2180
504
-2558
-2009
-3144
-9102
-5269
-9383
-460
-6193
-4370
-3212
-2768
4156
-8116
1010
-6004
-3926
-7595
-9614
4591
1356
-1554
-7065
5072
2124
-358
5381
6559
-7193
7037
-4077
-1385
-6844
-3837
-6949
-9207
3881
5972
7842
-4442
-1093
5781
-3945
8194
-342
-147
-4109
850
5480
-9848
-1454
390
5934
6838
-6972
-3921
7351
-446
-1842
-5531
5193
-4752
-7562
-4057
-562
4694
3956
-3762
-9639
1810
-8998
-9044
-6782
7329
6945
5621
-3798
6368
-3600
1658
-8671
-4642
4070
2482
6836
-7852
1770
-1768
-6994
-3867
2637
-4174
-1564
9256
-2445
-6916
-1120
-7852
4044
5348
-1602
8920
5128
190
7386
1521
3916
4847
8693
-7852
-4443
5648
1336
-7292
-5483
9690
-2835
2978
4047
-5916
8498
5346
-3651
3513
-9463
9806
-3249
-5272
-2826
-6190
-7424
-1372
-1210
-9219
-1655
-3445
-4858
8372
-1537
-8145
4367
9938
-4341
-144
4272
9735
7973
-7544
1073
6517
8572
-9497
-2707
5594
-268
9570
-4402
-2116
-7903
-2435
4847
-7786
5605
-6761
-673
4602
-6333
-3183
7033
6755
-8781
-5669
464
3047
-5096
-2265
3460
-9686
-6390
-932
5942
-3078
-1191
7635
8463
-1691
7128
-2977
-7399
-4089
7769
7549
-2177
-4301
-8422
6489
3836
-9348
6425
3754
-6868
1963
202
-4956
-8221
7777
4679
-1510
1117
626
2240
6377
-7096
3567
-7750
4828
-4270
-4338
-1488
-7659
9458
-8195
3704
7924
-8574
-2520
-7760
-5349
7636
-8431
4295
-2936
-9388
5338
6818
8776
-2049
-1058
3104
5069
7757
3307
9011
-5656
4342
6544
-1427
6727
-6434
-9429
-7937
5339
-1033
3597
-3691
-7543
294
-8520
-9310
2298
-2910
-6994
-7059
-4885
4485
-868
343
8849
-7381
9258
3816
-4430
-6326
2804
-284
-2686
6735
5849
-4498
-8731
-3542
1392
4354
-7358
567
-4002
-8857
2529
2095
5605
-2341
-8378
4381
8939
-9848
1655
-9374
9547
9260
8423
7944
-5037
9497
-960
-8245
-7865
-4484
-8769
5539
-3073
-5649
-7179
9447
-1949
-4304
-9865
6238
5402
7926
-5600
-9524
-8662
-5145
-1606
-6511
-2838
1847
-5584
-3919
-5791
-3197
-4504
7420
6621
7675
7639
9178
3432
-9044
6472
1435
3006
3246
-4607
5869
6490
9591
9048
8779
2557
-9360
-5381
9919
-9755
3674
2229
-6758
3785
6664
-6607
848
693
-8239
-3134
-5166
-7037
2275
-6967
6430
4245
2936
9240
9539
-1914
-213
-434
7348
-8107
8640
3830
1544
7885
6312
6261
9162
2188
863
4674
9550
-619
-1287
-9404
9672
7686
-9646
-3531
7265
7184
5832
-5847
9690
6852
6282
-830
7309
9667
2448
884
2160
-6822
8206
9662
-3974
-3244
-3491
-5310
-7971
-9061
6713
-4886
-7577
5217
2059
-9282
-4941
372
9204
1777
5451
4576
3436
8035
-9263
8860
-2213
-5922
5397
-2186
-5199
4570
8961
-9629
-3595
-6456
-8240
9870
3082
4247
-846
-690
5911
-1827
4898
-1100
2720
1270
527
-8287
-509
-6412
1797
9619
6342
1929
-8327
9558
-808
-3907
-9069
935
-1308
-1902
7161
3671
-4501
8225
-1334
5730
3751
-6963
-8443
-7384
-6584
9548
-318
-7839
-8121
-3919
9791
-8078
850
-5912
9834
5405
-6156
-2208
1208
239
8099
-8699
7165
2986
9997
-429
7774
-5160
2347
7150
4955
675
-5137
-6650
3596
-2301
-8314
-4247
6429
-8007
-2334
5316
-7195
-6315
1900
-3631
6487
8662
-2457
1626
-3362
-1677
5307
-2003
2408
-7558
-9707
7227
6770
-2337
-6270
-8899
-756
-5127
5332
2398
8170
681
702
-148
-9354
2707
-8475
-2603
-7997
6235
-7970
9393
-4693
6063
-6749
831
-1475
9737
5691
-4423
-3847
-6161
-5974
-2965
-8854
-9595
-3859
-2465
-3062
5424
3865
-4994
2714
7813
-8288
9045
1533
-4227
-6396
-5168
8597
-3325
5146
774
5344
-8464
-8693
-8154
-7308
1018
8767
2169
-8344
-1645
7933
2671
671
-6607
-4089
-9862
7032
4880
-2668
-3281
-306
-7724
-649
2513
-8068
-3945
-7250
-149
8318
-3823
5664
-1331
2459
427
-6475
5068
-9616
-8391
897
-8761
-8274
-734
7451
4134
5060
5492
6459
7532
9496
2939
-260
-823
-3019
-6566
6412
-1976
4870
-9897
-2387
7880
-632
-9800
-9086
-2534
5991
-870
7510
1596
8329
-9054
230
8797
5331
2216
8874
6822
1376
-6818
-9578
-2618
6064
6895
9795
4958
-7755
9876
9831
3128
8623
-4680
-372
-6300
4460
5194
2135
5147
-5700
7243
-3504
3733
2454
4271
5386
9150
2047
1522
-7320
5159
-7155
-6682
-3045
-6673
9256
-4050
3860
5526
-7330
-2124
543
-6404
8626
3133
-853
-4188
6305
-7827
-4721
-9943
-6954
2491
-5571
4556
7052
-9445
-6848
8156
6905
9882
2243
-8798
-5766
-1201
6975
130
4475
-8083
6536
-4866
412
4570
-5487
4578
-8449
9418
-3366
7491
1617
-9123
9487
-5308
-4313
-6243
-6616
6492
7263
6790
-2964
5713
8265
-1668
7248
-2880
-3176
2774
5978
-1127
-6237
-5032
-9240
-9085
3000
351
-6851
9717
-5729
4917
2357
-8745
-7254
6418
-3871
-772
-3185
6970
8877
8155
3554
-9828
6689
-835
7083
8221
-8083
1362
-2552
2889
-9855
3529
8004
2227
5429
2154
-9894
2788
-6934
-3192
9427
4258
1338
2436
5313
-9166
2136
711
-9884
401
8141
-816
8904
-8622
-6721
-2894
9286
-2852
-4792
145
8538
-7103
-8436
527
-7871
4064
4136
-6603
5267
1149
1659
2052
4111
5693
-3792
1950
7200
9341
9332
8549
431
-3094
-7806
-1585
7688
-8677
8864
-3493
-4562
-4144
7124
4971
-3946
-3182
8516
-5908
-1622
3753
-5408
-1514
-4004
-795
8092
2826
8794
4123
-445
9622
7626
9550
8606
-4079
7300
8311
8471
2511
5517
6091
-3134
-7233
6681
-5631
-9074
-5897
5298
945
9466
9836
-6314
-8770
8849
2755
-8886
-494
2953
-235
6889
441
6686
4998
8858
-2262
-8890
5568
-662
-329
6238
1303
-1849
3091
-4755
-7438
-6241
516
-6976
-6603
4791
-5074
3580
-1972
6868
9448
-798
-2316
3451
7707
6618
-5099
6215
3608
-1405
-5412
-8357
-9842
-2821
6987
-2242
4375
-6183
-3829
-7685
8655
-6298
6414
-7409
308
-9224
-9647
-9466
8566
-8773
-7685
-3545
-2590
8128
-8750
6046
-8892
-4940
-1143
-7467
1415
-873
-6996
1328
9921
2795
3243
2200
-2588
-3562
8623
-1002
-3100
-4762
1772
-6956
-6952
-9130
4828
-5969
694
-2574
4501
9898
-1805
-9543
-7196
-196
-842
-7767
5096
675
5513
6264
-5858
9739
-6850
-2741
6530
-9778
2183
1975
-9493
2124
-6344
6066
-6004
-4875
-1342
-431
3756
643
-5835
4340
-2728
-3333
1900
7781
-7579
-4924
3176
-3428
-9769
-6657
-8292
-4054
-8522
-6976
5979
-4100
6791
5428
1773
1731
3231
-7140
5593
-8273
7621
-3513
953
-5349
-4812
-5448
4291
9235
1392
427
972
4367
-784
8430
6597
-4791
7298
3716
-6228
581
-7649
5687
-7637
-6549
2189
2273
2569
-3648
-5881
6435
7631
6053
-9565
-307
3026
-9468
3392
6341
8309
-2744
4035
-1548
6389
-6413
-7423
-2601
6834
1466
-7403
8169
-6803
986
-4175
-1347
9534
-5151
-5216
-1739
-8709
-3451
1134
-9590
-4039
-2156
6353
-385
6779
9791
-2731
-6291
7373
9052
2732
6388
5040
-7460
-4114
8649
-3851
4785
8280
-5206
5354
-2119
-7027
8802
6573
-8265
-5465
-5241
-9078
9721
-5011
-937
8590
5826
-7476
-390
2827
-9995
-3428
-1582
-8075
8430
1702
4165
4772
-398
7905
-3971
6395
1993
-1305
1349
-9572
2765
2146
-7219
7415
6514
8729
9708
-8177
3770
-6992
-9464
9063
-7619
7814
-3615
8860
-3299
-4694
7913
1409
-7403
-2882
1142
3656
-2526
6509
-3004
-491
2621
3704
124
-3050
6039
-4682
1553
-6174
809
-9559
-6103
3164
684
148
-8757
4869
2383
-9010
1182
-1231
-3956
932
1486
1004
6504
9157
-4826
9093
1551
6823
-2415
-8922
-8919
-8284
-9574
8996
8371
2786
-1295
3434
5267
7851
-7811
8061
6894
-5179
-3066
2836
-5890
-6723
-6283
7774
4181
-1865
-8255
-7598
3834
-8355
7922
-9101
-6304
-8192
8205
5762
-5091
145
-4216
-2920
4328
6795
-3882
4570
-7683
480
-3079
-6809
-4004
3054
4308
-3241
-3168
-8468
-4924
-9498
-1810
4021
7870
401
6504
-603
7008
-419
-2803
-6012
8433
-6330
-7246
-8305
8276
3776
-9235
7521
-3744
-5361
-8340
2005
7481
9946
4837
4367
5395
-8924
3846
-3003
2763
1115
-8732
-3374
9293
5224
3033
7997
-255
6118
1616
-7064
9440
9146
-8784
-3473
-2045
3672
3990
5763
1943
-6709
1293
5481
7691
1179
2811
-3640
454
6705
-3011
7297
-5312
-1346
4547
6676
9171
-8577
1757
-1679
-532
-3680
6463
8872
4383
9303
244
-6199
7560
5466
-7002
5862
-5937
-2863
-4608
-2005
7074
5370
-9671
-6759
-7087
-5270
-6763
2416
-1186
-397
683
-7898
-7820
-2717
5448
-4934
-8686
318
1801
4308
-1310
-9936
2214
-7504
-1877
-1516
9044
2970
-7669
7665
-5902
-1708
-822
4641
997
-2203
5624
9743
1732
4142
9963
-7150
-8182
-7951
-3246
-9705
-9734
2480
-8249
-1698
-3589
4587
-546
-1439
-7012
-2844
-4577
7885
-2013
-6747
827
-2523
-168
-926
8007
3545
-3395
-3269
-693
6466
-5497
-9520
414
2133
-5262
-2555
8280
-7003
-8099
-1471
-9582
1021
2474
-3179
5438
9840
-497
-3028
-945
9105
5016
8691
-3847
6111
2028
8737
6754
7108
9028
-5090
-6277
-2058
1530
-3879
6578
-3709
-4461
4767
-7247
4882
-4801
4391
-1486
-3432
-8295
-9609
863
4427
-1669
-2816
-3501
3006
4186
-880
7253
-3711
1909
-7680
-8092
3360
9950
-970
-1432
1740
7555
-6270
5225
3949
-2827
1900
6139
-2994
-7500
-6570
-3563
-4447
-8021
-4276
-6809
-7595
-3780
-2941
-5349
-577
4531
-9915
-3737
-6050
-2528
1626
3121
-4532
5380
9810
-3874
-4045
4799
5111
-2312
-2707
9119
-8512
1217
9209
-5101
1640
4849
-3129
417
6368
2228
-9541
8870
6413
9879
-9499
-181
-7018
7634
529
-5425
8387
-3544
8728
5111
-6232
-7278
8577
-4893
-8547
8585
-8816
1240
980
4901
-2062
-4595
6020
-5726
5770
-7362
7988
-3672
9893
6944
-2422
5471
1012
3940
272
-534
-9140
-7346
2921
6243
8754
5263
-4732
-5554
-909
-7958
-2858
639
9797
-3322
-4256
-8562
-593
1150
-8668
-7395
-8283
4179
-4380
-6920
7673
3865
-9539
-4524
9579
-238
6536
8638
1775
5086
1143
782
2839
9965
-9088
5614
-4240
9798
2495
3034
-1983
4896
9608
-9525
-8756
-410
6084
-4081
-2784
-5430
-3611
8849
9988
-329
-3673
-1983
-6143
-9143
4977
-4088
-2365
5847
7807
2640
4771
-8035
2489
-6658
-2406
7902
1314
-2049
-3136
-7460
1562
3521
-5094
-7845
8602
6659
4644
9401
817
3982
-9289
-5534
6148
-1391
-4412
8194
7815
2590
8652
4533
5438
5408
998
3387
8754
8403
-5284
-749
745
-4692
8730
-2560
-4152
3474
-8794
2992
9406
8301
5763
9581
9432
2374
-9596
7803
-8866
4122
-2399
-252
-5210
-6502
-487
6827
9058
2074
-8586
6560
-3214
-7931
-4324
-2276
-6528
-6767
-8227
6956
-3079
1207
5010
2253
-8542
-3955
4740
-4099
5552
9095
-1573
-1178
-7670
3570
-7919
5751
1944
-6497
5482
-8844
7681
5989
-5338
-9935
-9816
2387
-8995
5930
-6444
-6648
-2144
4880
1144
-6743
8779
6465
-1354
-3109
3139
-3689
-7008
-5367
-364
2227
9120
4974
-7906
9967
6751
-9549
6298
-3212
-1678
-246
-9632
6961
-4639
5695
-4629
-9082
6268
7721
-3751
8964
-8010
8739
8913
4371
-8721
2313
-2618
7767
8179
-3082
-7100
-9361
-4000
-2402
-8637
5616
6221
6886
-3914
-1285
7150
-2789
3165
-9321
8857
-3584
-667
-4629
4608
-1249
-4585
-3243
-7391
-546
4911
-2608
5032
-4205
-1368
4329
4584
7801
4012
6439
-6456
-1459
-1291
-686
-3698
1949
-2273
-8742
5304
311
-167
-7563
2440
-5190
6103
-267
1389
-6399
-4930
6496
4565
3923
-846
-4349
441
5955
8250
-1684
-386
-376
1655
-6026
-7531
-8192
-3037
4215
-1379
4337
142
4352
-670
3792
-2442
-5374
-153
7464
4700
-1325
-4976
5707
7918
3299
-810
5645
-5243
-9842
6382
1557
960
-6642
-4440
8356
9153
6578
4343
8868
6425
9404
2965
9054
-8728
-7103
6819
1146
-2535
-1014
617
-4596
6973
3841
-4619
1473
-4743
6071
-4087
8209
-8269
5685
4857
2543
5460
-1263
-824
-5799
-2060
-5803
-2909
-3753
8066
-164
-6380
1852
3987
5277
-9702
-9485
7700
1632
5765
-4235
-6999
-4631
7809
7911
-9175
6298
-7647
-1229
-7790
-6994
-5984
9275
7584
7834
-8678
7833
6065
-8776
-2405
2748
9912
-9056
-4090
-7295
2922
-2525
5441
8965
8762
-4534
-1670
-2565
-3793
7558
-5031
-5287
-5920
-6953
-1370
-1192
8461
-7269
1032
-402
-256
-5218
-7039
-7270
6489
5948
8129
-3782
754
2662
-5893
-8351
-9092
5082
2986
2094
-7450
1137
-7290
5223
-9439
5427
-7417
3839
9810
-5223
-572
-3112
-9366
-8297
2842
-4773
-9480
-9788
5081
-5932
7112
9932
1871
9952
-8212
3409
-559
-9974
2331
-5603
-3309
5712
5306
-4691
-7733
1543
-3916
-2418
7621
-2059
6355
8211
9020
7448
-7074
8613
-8307
-1496
2101
5568
5959
-773
-4755
-6487
-7783
2972
-7653
-6572
8201
-2636
5100
-8480
-3992
1313
-8359
5299
5578
-6257
-8157
6526
2901
5293
-6087
9484
-8739
4006
8236
-2569
-9645
9723
6795
1392
1147
2751
-7823
8023
-5989
-9526
8463
6135
4491
-7424
3057
-9499
973
498
1228
5387
-1281
-478
7582
6975
9303
5905
9658
-9607
-5094
2426
5485
8167
-342
-6683
5480
-5646
-9248
1190
-4845
4764
-6209
9154
4884
4867
-3470
7846
8468
1692
6836
679
8733
-2131
-7697
8356
8520
9060
-418
4819
-3232
-5095
-1146
1435
5286
-6375
-4877
-832
-2534
-4508
-6167
-8350
228
4893
-5636
-8935
-7406
-3747
6911
7665
-6813
-5237
2744
4973
-6678
-6176
-7959
-8459
-7568
-3313
-4165
-3079
8584
-9957
6778
8033
-1545
-2014
8537
9794
-134
1082
9142
-7964
231
-4957
3255
9630
-1277
-7140
-1145
175
-7524
-1383
-4493
9781
2866
-8955
-7220
-8754
5163
-5720
-4548
5156
-8844
8352
1749
6955
-407
-252
-9500
-8548
6124
-5810
1090
4083
-8111
-2636
-4298
5867
5671
127
1310
2395
1331
4629
990
3710
-3868
9925
1820
-8094
2457
-4986
3029
-4792
-5558
-7277
5481
-8965
703
6717
-7943
-4978
7334
-4932
-7866
-3635
4045
-1615
6806
8533
6016
9925
-264
7772
7227
5153
9575
-9824
-8505
3163
4720
7701
3144
-2564
-9958
-1817
2658
6445
3070
1662
3839
-3890
-5136
-4604
-8930
8467
-4318
9569
5911
2874
9706
-5386
-3544
7562
-4599
6456
-7086
803
875
8922
-5353
-9622
922
5273
-5870
-2236
-2094
-9232
5938
8503
-1889
-2618
-3115
1490
7441
8438
9397
2103
4162
-7284
-852
-5160
9960
-2405
9303
-7186
7768
-1812
-4243
-4075
5722
8639
-461
-7942
-2075
-9911
5370
-1181
-1227
-414
1607
-4449
-4832
7916
8039
9582
3562
6653
6522
-4732
-3631
-7489
-5074
-2436
-6007
7083
-3004
9981
3226
-1681
7947
-104
3976
8258
2472
-2474
-1858
3363
-5273
-1332
-1045
8765
5558
-2685
-4073
-7792
-3990
5183
4796
6980
7584
-5198
4141
-6655
5543
8397
-2480
-510
3813
-6039
3250
9489
3322
6713
-9909
3214
-2649
381
2672
-6699
-8950
6271
3506
241
1332
5420
-1494
7722
-5325
-3347
-8630
126
-6824
-9339
-2383
6356
-998
1504
9061
-2731
895
970
-1485
4016
-9135
-7553
7907
9259
966
3371
1785
3375
6998
-4717
9925
2197
5770
-9142
3330
6200
-4890
-7506
6144
6668
7145
-8528
-4150
7952
9318
9116
9597
-1181
1571
7254
-5736
-8551
-5497
6190
-4606
4046
1370
6908
-7862
-3181
-8331
-2885
4215
6715
-5366
1255
-8623
4450
7396
8205
-6445
-9316
6674
-1886
-6816
6659
1679
255
-6300
-6496
8658
4914
6307
5334
3838
4344
6903
-9805
-1669
-9548
4818
4537
7443
-4153
5385
235
9763
-757
-8604
-9567
-9005
-4607
9194
9488
1968
-9775
6944
-8185
6359
-5616
-7155
8161
2083
573
4169
8882
6202
-4035
3850
9693
-2790
1579
2104
-7100
5573
-6523
5096
-2541
-8554
263
7181
-7236
-6634
-9227
3281
-7337
-2856
4287
-7722
2363
1292
2913
-8088
2718
-7416
-3961
3838
8396
-2064
-2554
8057
-1059
-1584
818
1287
-5734
1476
-7767
5240
8868
-8159
-3711
-2251
-5584
-8698
-1415
-9752
-5552
-6716
7148
-1864
3775
-6934
-4506
5664
3844
5535
-3067
-8837
-8862
720
483
-9990
8329
2362
-2152
5490
-2034
-4488
5389
-7515
-1143
-8527
-4422
-5691
-510
5053
1529
6702
-959
8926
237
-5589
1450
5282
3492
-2761
9547
1261
4512
3538
-5830
2246
-728
-3822
2196
7953
441
-8933
-5988
210
-7283
-4169
-6167
5288
-3055
1582
-6705
9388
-5967
-8225
-5863
-3253
-6194
7599
6753
-4984
5946
-2137
-3498
5645
-7775
6029
-4785
3141
9929
-5154
7662
2318
8618
-8447
-811
6836
2999
-9530
-6496
8878
9639
2451
7635
-1518
-1489
583
-4672
-8530
4580
-6524
-6705
-5837
-5371
4075
2971
1895
1337
-4259
9586
-2274
-9821
7120
3420
1499
-9146
834
8442
6305
-7885
-6068
8923
-4843
4896
-8491
9274
9439
6839
8365
5717
-8060
7787
3976
4807
117
5782
-824
2646
3894
5205
-1879
1804
-8729
-4538
9075
9317
559
-8271
3512
-4459
-963
-8897
-8170
4440
6789
-5113
-3809
-5060
-8119
-911
6933
8899
-2186
3946
-4971
2493
-8862
-2213
4553
-3650
9990
6050
-976
3029
4367
3964
3088
6167
-4329
132
-8832
-7193
3474
7668
4894
4451
8915
9372
1203
-7935
-2504
5586
6402
-9853
3851
7027
4380
-1748
6617
-6384
-2511
8578
6347
-6593
7604
-6615
-5916
-8910
-3158
6873
2955
5888
8363
9733
6811
-4059
-9155
9894
-8231
9696
-8084
1802
4484
8656
-6371
-5493
-6881
2898
-2133
8879
7822
3990
4795
2417
-387
6192
8386
-956
9464
3729
1521
-7926
5518
7626
7645
1812
-5651
-6890
-3233
-8673
5208
8527
-164
-6823
-7188
4972
-3492
-5160
-3676
7628
-409
-1937
-7190
-4231
7038
7651
-9630
3780
8902
-3740
-2232
-3008
9742
5584
-9576
-5804
7632
-5413
2517
2253
174
-5725
5561
-3881
1763
6438
-9652
6713
-1211
9116
1722
4105
-3712
2469
8949
4706
-4000
-1430
8034
-5724
2813
-5289
-5506
-3322
8785
4030
8368
-9874
1095
222
-3603
-2342
460
-3435
-635
-4166
-7397
3513
-5203
5625
5578
5182
-1763
4078
6286
-1604
-5137
1016
6193
6617
7249
1002
-9681
-7809
-8541
-9564
7340
4078
-4383
-4623
-4327
-7835
-458
9731
-8478
-9541
4818
4061
-3277
-6904
1978
9902
1232
-5982
-395
-5429
7488
9210
5955
7889
8166
2525
-4018
4080
1511
1439
7726
3064
-7666
3979
-4520
-6127
1986
-5094
236
7170
-6756
338
-3452
2003
9128
6453
6122
7345
5136
-9272
-955
8939
-766
2902
5691
-5370
8655
-2634
-7500
-317
1176
-6273
-8777
9074
1818
-562
2960
-7551
-7857
-3920
-2016
-5384
9949
7059
1229
-3945
-7767
-2548
3129
4259
9906
-8364
-6579
847
-2155
3499
-5609
6621
-4747
-617
8503
-2487
-4971
-4032
-7460
7963
-1930
5326
-7406
8323
-7497
-6586
9718
-833
9511
-2280
5364
447
-5465
8973
-3856
3126
-1403
-8039
537
-9709
5128
2542
1139
-892
342
-5082
896
-3187
-7393
-959
-9356
-8684
3575
-9985
9927
8911
-9443
-8607
9003
1071
7376
-6774
-8338
-2539
-618
-5832
3241
8108
3016
-7241
1509
9844
3224
9600
2166
-7471
-8727
8447
7860
7415
-1516
-9501
5638
-9924
7304
-9494
-3136
4674
-262
-5315
-8565
-7186
1776
-9072
-1289
7382
-3281
-8288
6624
9916
-1677
-2085
-9442
-3930
772
4256
4594
8967
4023
-3366
6788
4308
8973
-3168
2241
-7884
4350
6840
-3152
-9437
-443
-4586
5488
1715
-2615
6777
-7452
6929
8771
-8310
1941
-9186
9463
-6998
-5082
-9221
-3453
1924
-4171
-5794
-3589
-1582
1999
-9858
3230
-7695
8453
-1819
-4231
3346
7272
-1322
-9362
-462
6580
-6140
-9552
-8757
-5606
-3337
5187
473
-915
4356
1211
-5075
-9422
2531
-5869
1776
2365
614
-755
4847
2761
-9684
-1488
3559
9984
-8191
-5589
-3934
5027
8360
2776
2611
-3702
6753
9354
5120
5161
1907
660
6057
-8165
-4415
-2307
-3318
-7497
8488
5026
-5440
5865
3487
1759
9478
6549
1293
8365
-3079
-8873
9073
6884
-9608
-8293
3579
515
5479
-1309
2511
-8134
3067
-1139
4895
5809
3755
5065
-2892
-9717
-3743
-5306
-4542
-4276
-3736
7488
-6749
-6001
-1061
-9566
-8241
4687
2125
379
-4659
4708
8920
-6130
2066
1545
-5902
7386
7742
-793
-4340
7412
5993
1883
-5004
-6027
-7033
519
700
-9108
8076
5481
5371
8569
-7534
7746
-9852
4732
-150
2628
-6282
-973
-3787
4195
-9024
-1393
1433
-3159
-1744
4460
3150
-9366
-4196
-1319
1263
9433
-2149
4844
-2858
8096
-3250
-7981
234
-6983
-8348
-7157
7242
9195
-3444
-901
2994
2593
525
9682
7216
4041
6972
1264
-8571
9632
8891
2440
7306
9622
-2965
3511
8321
7892
3294
390
1886
3558
-3795
2503
-1497
-6213
6277
-1236
5333
-5844
6653
4729
-7693
4856
7024
-9414
-6516
-3553
7588
-3809
-6670
3114
407
1450
-4764
3319
-5386
-3584
657
2065
-8870
5611
8860
-8844
2334
636
2479
787
8914
2141
-5237
1526
-1608
4636
3165
2634
2637
2890
-7109
-2887
-3957
-6349
-9887
-2333
6723
8474
7637
2830
-2365
-438
2491
7700
3060
8443
-7820
-2930
2871
-4146
-9617
-2163
9899
-4279
-6090
9165
-5115
-7293
2061
7049
4427
1129
3568
7354
4542
-7307
-1876
8512
2985
-4714
7661
-3618
-1677
975
6538
-4313
-2641
-2420
8348
-6330
-4229
-5049
-3779
-1788
-5856
-9542
7577
-2555
-6691
-9343
-7646
-6974
5166
-2961
-1914
9663
4349
-7638
970
100
-5569
8810
-7403
-3060
5544
3983
5806
-5005
6940
-483
-446
5009
329
9399
-2781
8188
-1471
3870
-8233
8092
1429
1559
408
4913
1466
1979
6403
4529
-4474
8745
-4618
7112
-6795
-8408
7738
7200
4812
8732
-6770
9027
-9801
-1017
1694
6023
6263
9470
-1371
-6980
1067
-1209
8299
544
4797
4221
-2403
8754
178
-277
563
-9607
-6994
-1582
-3747
-6229
281
-3790
-9273
729
4844
8711
-7246
2993
-5744
9468
7297
2590
-7895
-5365
-4299
-5969
-3724
9947
-2846
567
4953
8739
-5347
-1163
495
6446
-4599
9540
2206
-7903
-1644
2667
-7109
-9537
8961
-9444
-536
6363
-7943
-433
-1717
1618
-2824
-5047
4539
7150
9662
-9721
5892
2912
-3686
-3143
3583
-1017
4603
-756
-1021
5121
-6760
-5686
-8834
-9948
5603
-6317
-1470
5986
8364
-1745
4164
-2733
5548
-8679
-734
720
-5253
-4682
586
5776
-5064
-5270
-7972
2092
-5089
-6516
-9533
1409
-9566
-9462
6659
3148
1812
7656
6731
-5823
-7839
4368
-587
-3744
4021
-2645
-8121
2223
-7744
-780
3434
-7245
-4728
-4809
4170
-9365
9606
8519
-7541
4934
-5271
-4835
-5765
4421
-6743
3667
-1987
6297
-6758
-5384
9957
2093
-9314
-4835
-1797
5516
-4075
-5819
141
5102
4760
724
-4709
-9557
1261
-8781
7630
9605
2779
-9133
6380
-5270
1180
5590
8713
-185
9925
4069
4281
4545
-7588
9764
-4733
-7151
-2689
-6149
-7060
5398
5833
-2835
-6190
-1374
-9378
2475
4965
-4178
-8831
8497
6652
3832
-1741
-5804
-8986
3108
-7746
-1486
6576
1081
1899
3801
-321
6377
-5168
-379
-7800
5442
3945
9776
6264
1287
-1975
-1912
-7141
-2949
-4099
885
-6889
7531
-7936
-3888
-3116
3222
-3214
-7708
-2955
-9767
-5933
-8486
-7066
-6472
-7986
-1991
-3447
-1240
3964
8993
-5872
-9984
3150
2589
9185
1017
1042
-2293
9725
6935
8511
2340
-1038
-5948
-6958
-1699
5563
-1366
-6822
-1097
6546
5741
-7987
-5863
3931
-8095
8445
9327
-6237
-7622
-9833
-4954
9657
6377
-4047
9311
1058
-2095
1639
9962
1436
3424
-4412
-3798
-3349
3821
6391
660
7028
-2731
5858
-6289
-1585
-8228
-7900
8168
127
6384
-9149
-4866
2213
1969
7279
-4553
-1150
-7398
825
469
8176
6566
4777
1663
-4148
-9431
-5100
-3063
-7086
-5135
-8520
-8628
2572
3131
-8991
5300
4565
-4313
488
-9607
-9740
329
8544
-771
1863
4521
-3548
8451
3725
-4087
8183
5973
253
-3426
-9384
-6071
1890
6957
-6791
-2758
1351
-2483
-1486
-5270
2642
5727
-1082
-4347
-6403
5876
-2239
7024
7742
-633
7325
7760
8760
-2616
7452
994
2689
3664
8756
6741
-8601
5271
-9491
-1236
2138
1288
8653
7037
8386
-8578
-9620
-4544
2541
6968
-782
-8169
-9710
8820
8843
-3180
3276
-969
1202
945
-2422
849
2689
4034
1014
-9038
5163
1411
-1111
7386
1990
-8416
5372
-1799
3425
2198
-5622
-8631
1780
4571
9544
1192
-3202
4055
-9440
5406
8152
2082
-8694
805
1276
-749
2329
8688
1245
-5522
-3461
-4304
-2948
972
-6756
5740
2651
-9293
-9532
-223
677
5721
-1330
-5199
7071
-3467
-6647
-3714
-8631
-3143
-6114
9968
-4094
-963
4125
7810
2803
-1248
-8240
-5765
-4260
-5165
7002
4771
8729
-9662
6028
-2631
2905
751
-1264
3533
3097
529
-6311
9810
7832
-8410
4585
-1863
-3837
446
9036
-5952
9353
1954
3543
-5514
1656
-9386
7140
9862
-8906
1697
6855
-1358
-196
-515
4485
4242
5563
9789
-3125
9907
1967
-4434
-506
-8298
-9614
-3978
-7927
9294
4416
2043
-3430
7190
-6430
-6182
5125
658
-9209
2837
-1559
-8306
-8448
332
-5988
-5072
-3804
9206
8566
-2847
-1728
3072
-8278
966
4001
7571
7408
2315
3885
-5588
5353
4600
-3843
-3771
6349
5293
-7495
3008
1442
-5343
-5353
-5915
103
2053
-487
939
-7887
4796
-3041
2606
-3596
3300
-2017
-1260
-6304
-2952
6667
-9760
-4401
9621
-9553
-4505
4005
1671
2168
1827
7284
6888
-168
5553
9983
9965
-488
-6294
5659
-809
-8039
-7567
-6013
6114
3154
-5373
-4355
898
8714
-4810
-9899
-7568
2746
7321
-9947
6772
1599
2265
-9541
3590
235
9989
-3310
-8253
2298
-2030
5233
902
7593
-2063
9455
693
-9872
337
-4368
-3960
-201
-1970
-3108
9592
-6765
6615
-3466
-9961
6430
-9760
3896
-9282
4557
7378
-8690
1524
-1967
4120
-3509
-6665
-3526
3876
-1790
5590
-1756
6742
5017
-3438
-304
-7810
-5914
-7284
-6726
-2561
-1924
-7618
-1497
-8661
4484
5599
-7115
-3229
-4841
8018
-3908
-5971
-6109
5980
1149
-831
-9534
-2760
1204
1172
9817
-7515
-3914
-8101
-1712
523
-1258
3466
-5893
-2360
-2303
-2639
-1473
7887
-3181
6755
1460
3836
9302
-3752
3857
6990
-3461
-2621
9947
-9672
481
-9560
3839
-3234
-6153
4912
-2530
-8903
-6273
7813
-6671
-9685
2430
-1102
144
9905
8680
5960
-1276
4433
1358
1440
-8918
5896
5669
-8367
-9126
-520
8881
-8035
7544
-2817
-6459
5254
4334
7144
2835
5868
8105
-8974
7439
-8093
-4098
-4304
-8204
-9064
7485
1472
-9049
1323
-1132
-5184
4727
-9417
-828
2947
9117
-7584
4434
7176
-3112
-823
-447
9801
5220
9364
3080
-1563
2547
-4212
1852
-9896
-7131
7391
545
9136
6155
5270
-2672
-7605
-7911
-2203
1272
-1354
-744
-7588
6734
-8847
7640
-9506
9734
-6207
9330
7229
2621
-9704
4114
-7813
-5018
8907
7882
1180
1332
1292
8742
3513
5884
-162
-7901
-909
7653
-5845
7618
-9592
-7812
-5436
-5393
5776
5926
4498
3651
-6916
-1506
3738
-8758
6649
2467
-7080
-9933
1953
9020
5000
2143
-1485
-9622
6219
181
-3771
1316
3507
4599
-5462
-7729
7338
7228
6404
-7216
-2632
4268
-8212
-6444
-2124
7563
-377
4955
-3702
-5704
-9827
7198
-4888
-4400
8167
-1561
-1012
-9570
-3268
4206
-650
713
2434
2868
-7040
-3498
-1766
-7869
-9102
-3460
6365
4861
-9728
6094
8945
7759
4647
-6888
4907
-9169
9893
3254
-768
-9400
-6585
5699
2073
-1863
-7839
6094
6133
-7523
6826
2288
4270
-5826
2226
-3768
4757
8370
-3270
-7877
-7650
-7344
-7413
1493
435
3905
2380
7242
-4379
-2496
-3926
-5657
463
9663
-3207
-3732
-9434
-4502
-1421
6425
6498
5251
3961
-4094
-6563
8069
1031
-7092
914
3283
-5582
5012
8567
-1856
7713
-4922
-191
-3196
2180
-8122
-8937
-5597
8507
8207
-9310
7595
-6320
2298
-8272
-416
3897
7264
9239
-5167
421
4952
1484
928
-8600
8226
7648
5304
5278
-4137
-2405
-5841
-8718
838
-2225
-7552
9444
-779
9946
3869
-8234
-5899
1702
3682
1359
-4906
-6372
-1910
-3658
2888
5110
-3266
-2731
8146
8541
-9712
7943
-8201
-7542
6123
2226
-3941
-2667
3726
957
-7648
203
-1466
3912
-5637
-7714
4731
1046
-7353
-3406
-7262
-5889
-2470
3772
-5604
-1507
-4614
9986
-6620
-3220
638
7768
-4606
2362
-2137
3832
-2582
9802
-1000
-4899
8870
-7028
3222
-8572
-2680
-1057
6477
-5791
5885
-7136
8460
-8074
8645
-6481
-7323
1746
6311
-8583
3057
-159
8999
-7556
-6189
-6544
9305
4757
2064
9210
3723
-5981
5120
-920
-1056
-5480
7568
-8453
9827
-7250
-9271
2739
-3094
-286
-7857
-9838
7872
-8242
8974
-3581
5297
1435
-1510
-2969
320
7922
8725
-3041
2651
-9016
7144
-2522
-1860
-8463
6245
-7466
-1023
3985
-9749
7719
-1154
-5091
1425
-2582
-9156
-6895
-7980
6011
-2013
7673
-5360
-2678
-6007
5401
-9702
-8025
9305
5201
2712
-8925
9118
-1017
776
-7319
-3363
-1333
9925
-8398
-1953
4658
2038
2920
-4914
780
-6504
-557
4115
4766
-9462
2058
1214
-5702
718
-9961
2777
-2835
-5965
-9357
7225
-4110
7548
-1683
-8742
-739
4160
5689
-741
7873
-953
-3594
-5481
-3488
583
9283
791
8724
7360
-9462
8738
-7661
-1489
3632
-4006
1514
4563
4453
-9246
-837
-4126
-9145
-5004
-4743
-5499
9038
9643
7711
-2870
-1240
2098
-1082
5032
7235
2357
7934
-9123
2468
5230
-7725
3010
6148
102
4419
6663
-6749
-7010
7803
3613
-4936
-5530
6573
-2199
1654
8005
-9510
2621
7896
1465
-7469
-815
395
4331
6432
-7023
6598
552
4245
-7166
-522
6832
-1277
3004
4644
3286
-7810
-6951
-1964
7419
-7151
-1546
-5075
-744
