2543
179 259
102 168
73 121
16 43
125 130
46 125
154 235
69 141
107 199
41 111
81 124
32 115
39 57
63 122
188 275
90 101
168 191
166 205
122 178
58 143
78 84
9 22
88 114
123 195
173 192
183 228
18 73
110 117
121 209
4 50
194 225
156 177
67 133
143 190
63 115
43 91
155 233
60 122
186 191
24 39
76 153
97 109
176 240
81 120
106 111
97 186
49 91
23 93
99 194
134 139
112 150
9 85
5 97
192 203
65 116
1 72
19 34
56 66
64 77
155 221
159 207
127 195
46 75
197 276
39 49
138 147
138 236
53 141
198 225
32 41
5 32
37 92
11 15
174 272
61 86
142 154
69 117
70 95
97 107
4 91
148 233
130 214
43 98
23 102
29 70
140 156
72 120
35 81
37 126
179 261
22 69
13 82
77 118
88 186
193 195
185 228
124 194
59 80
189 236
76 149
118 120
122 192
90 147
59 156
118 187
143 167
18 67
195 290
153 157
27 78
29 53
65 154
167 228
49 146
53 85
43 120
109 120
160 164
9 82
61 125
180 246
99 199
99 132
174 178
18 44
112 147
74 96
178 200
8 87
53 143
112 155
161 222
200 273
46 98
80 100
125 137
193 269
56 135
183 231
45 92
152 189
2 100
34 105
28 35
72 83
7 32
46 103
74 147
184 196
10 82
56 124
67 158
145 204
168 199
100 193
163 260
55 93
96 171
31 80
150 244
3 26
72 86
93 123
68 106
65 143
29 77
152 234
89 158
34 122
167 230
199 220
137 152
80 155
157 228
5 68
88 111
95 156
48 59
90 117
51 71
29 106
43 110
195 211
127 139
163 238
21 63
165 168
74 144
195 256
37 59
97 153
152 240
195 258
61 117
139 213
44 133
152 214
109 137
133 183
177 273
69 90
99 176
79 94
119 146
144 184
80 139
107 160
122 153
188 216
131 169
53 104
62 159
142 239
33 126
39 122
23 37
72 76
45 96
45 84
104 190
118 193
102 143
56 66
138 223
78 163
87 114
45 142
8 11
136 189
93 126
62 125
113 184
36 96
59 79
175 229
89 146
174 200
54 74
19 73
139 142
132 139
158 234
66 130
163 221
167 231
22 93
190 237
85 98
113 189
36 135
140 223
93 109
157 221
155 197
38 78
187 252
80 107
74 150
111 204
61 92
55 115
98 149
26 46
193 248
2 78
14 53
112 208
1 23
190 279
5 10
154 243
1 9
69 106
196 266
70 160
85 117
23 83
69 135
102 169
79 100
194 286
84 164
172 264
24 32
89 117
178 190
103 140
34 80
149 221
105 144
16 86
35 44
52 98
69 157
128 192
74 163
143 185
94 145
125 215
49 91
124 191
128 178
100 191
64 92
196 235
169 266
4 96
7 102
127 153
135 208
25 35
133 204
59 82
96 126
34 69
28 81
79 110
13 68
131 166
184 205
13 66
18 78
47 61
23 34
6 13
123 211
94 127
191 235
36 116
62 67
47 147
159 244
64 119
164 213
159 190
167 194
93 147
3 79
115 134
35 89
120 196
95 133
139 153
164 177
165 265
123 193
57 152
88 158
130 223
192 258
183 283
193 224
147 204
143 171
184 211
100 111
7 17
138 155
37 125
48 96
162 223
35 103
131 227
185 194
132 168
126 139
53 63
121 163
33 50
89 121
49 116
101 199
156 190
91 185
41 104
164 246
93 184
32 108
131 156
188 270
123 178
19 108
99 155
167 193
57 111
192 288
139 141
28 71
24 74
198 296
18 76
136 204
32 86
194 279
23 73
199 260
118 203
43 82
188 265
64 94
42 132
48 67
19 62
174 238
56 60
184 197
185 201
134 181
180 241
178 201
161 225
60 134
11 55
119 190
110 156
119 144
54 117
83 170
163 239
79 113
173 203
69 109
146 223
191 260
25 32
65 79
133 230
126 162
183 214
55 70
67 104
180 184
181 184
71 137
140 213
199 216
119 217
66 124
166 186
120 139
157 203
23 70
31 69
60 78
111 167
17 86
95 145
54 154
69 88
120 152
173 227
7 44
124 181
78 123
119 180
119 216
124 206
66 142
149 239
41 93
158 186
190 250
150 232
123 187
136 174
34 80
67 126
96 158
111 173
153 205
180 256
26 61
58 131
162 182
33 104
108 197
152 183
178 237
128 223
7 88
73 152
2 53
1 92
165 171
190 220
183 283
99 161
166 175
40 57
61 78
47 67
145 184
98 181
48 66
46 109
101 145
190 193
9 61
133 172
88 94
17 104
74 76
194 222
150 168
48 126
10 73
7 48
13 26
186 240
79 154
101 131
43 131
146 215
172 250
156 222
103 137
43 78
17 57
80 144
93 122
70 121
180 185
167 217
20 109
159 178
94 114
147 227
7 48
158 166
113 165
67 121
66 131
5 45
8 19
136 211
47 106
168 213
150 152
69 144
11 103
105 192
89 168
137 196
57 73
129 185
194 227
131 155
61 96
82 125
140 174
167 259
102 137
180 280
192 265
120 124
6 54
62 83
166 212
196 231
168 208
84 151
126 197
23 60
141 230
144 200
171 269
192 253
178 238
129 137
93 134
128 205
176 247
43 109
68 94
28 87
32 38
94 177
27 47
22 76
40 53
196 234
107 202
100 183
185 258
67 104
115 187
58 118
51 122
81 159
134 205
100 188
48 56
94 179
188 228
116 159
191 250
191 289
73 130
88 133
12 48
129 182
143 222
138 230
119 176
158 218
125 194
39 101
40 135
176 186
38 121
48 68
147 211
89 117
183 191
146 166
137 218
53 153
139 164
30 61
118 207
93 170
16 30
122 131
197 225
113 146
103 172
109 127
138 159
44 129
197 296
121 149
26 110
166 189
90 133
33 123
166 237
110 176
131 218
49 74
183 207
131 158
169 175
36 90
114 191
114 116
32 80
184 265
87 162
146 154
26 100
81 113
195 253
181 212
22 85
94 123
20 95
172 202
97 192
16 22
127 202
195 258
18 38
57 137
115 129
45 48
200 255
42 47
119 154
28 119
124 213
116 215
34 104
160 212
172 235
63 97
36 53
1 85
92 134
84 98
161 170
48 95
129 188
45 136
95 131
129 171
103 128
184 263
106 127
39 66
148 176
154 189
120 171
192 198
172 175
200 206
116 196
170 250
152 250
134 215
136 207
71 111
127 146
165 235
94 187
125 224
60 83
184 238
138 161
34 130
130 221
88 181
69 128
175 257
41 47
141 160
147 189
69 85
123 181
19 99
2 22
62 98
150 155
42 112
44 144
142 173
157 178
162 218
199 278
41 70
82 84
42 129
151 241
186 251
160 181
20 75
164 190
55 120
146 199
54 126
119 123
63 85
172 221
196 253
84 145
97 116
72 94
171 190
117 174
90 114
29 104
174 214
154 234
147 180
157 190
56 148
183 237
5 52
92 141
171 230
31 112
129 191
123 133
61 94
139 222
99 149
152 187
173 267
185 281
165 222
162 190
167 190
79 156
193 268
31 63
13 33
104 158
12 29
6 98
68 114
142 166
33 90
96 128
176 207
141 209
53 72
174 237
167 261
49 67
62 96
112 120
71 112
156 177
181 245
1 45
197 274
24 71
141 154
55 133
8 70
123 216
70 127
146 232
114 202
200 230
37 50
160 259
162 257
63 113
11 75
8 55
186 260
103 110
16 106
82 114
10 84
195 277
8 63
12 44
163 168
197 200
59 78
54 72
37 77
127 148
103 181
75 138
63 101
124 165
151 174
73 111
30 87
58 87
110 129
113 120
195 223
148 195
78 145
84 94
171 258
103 161
107 167
107 177
184 266
159 217
147 214
44 135
124 131
66 98
30 130
65 146
22 40
152 177
165 205
101 186
46 86
177 249
57 64
76 96
42 51
87 175
118 188
186 262
50 147
6 54
169 257
161 186
35 78
18 25
103 183
121 153
113 117
95 98
156 220
119 201
1 23
24 87
116 128
159 185
133 205
129 180
155 243
20 112
14 22
145 153
199 209
160 212
128 224
8 65
89 99
19 112
168 207
62 66
53 60
183 239
148 170
28 85
183 254
139 215
192 254
84 89
176 224
91 121
94 158
40 59
128 184
193 224
178 275
140 177
200 241
42 68
67 139
172 202
169 218
177 211
138 200
148 165
78 101
129 175
68 155
88 115
132 143
146 187
89 160
54 109
46 85
196 257
125 210
45 89
15 93
18 22
163 210
34 52
187 281
109 168
141 157
69 96
3 46
52 80
128 194
121 198
141 150
137 195
119 139
195 262
124 167
22 82
75 140
98 195
196 273
25 104
133 214
30 110
105 130
56 98
189 205
40 63
78 131
71 159
157 226
190 266
163 217
11 92
185 209
87 145
66 99
56 61
43 125
180 199
63 116
31 84
149 153
178 254
173 230
9 95
138 233
151 155
46 53
155 160
71 117
137 139
42 135
55 63
141 202
166 242
94 164
32 94
37 120
41 63
138 163
123 165
146 241
101 104
35 46
26 117
65 108
117 148
175 257
15 45
22 76
138 154
114 136
33 50
37 101
9 101
80 178
149 196
140 146
41 119
14 97
38 101
107 139
56 110
164 197
15 73
183 221
193 201
46 112
165 207
187 199
84 160
9 35
167 265
61 133
66 147
146 151
111 140
77 103
34 65
159 170
167 236
104 156
123 209
155 186
76 152
78 144
159 204
53 62
151 174
12 88
81 142
25 41
178 268
49 73
54 96
161 253
72 136
155 199
114 193
71 113
28 81
46 72
83 94
136 162
156 167
6 40
199 207
56 60
13 50
106 173
156 183
149 209
117 140
72 171
193 261
36 128
145 158
75 123
193 268
70 86
109 111
187 205
5 40
24 30
122 174
99 169
59 149
120 145
164 210
54 145
90 104
197 285
62 126
42 72
127 160
197 246
194 202
100 194
34 58
192 203
102 155
144 225
137 162
1 48
39 113
88 113
193 262
192 233
96 173
83 141
159 218
40 100
45 50
177 228
100 175
86 102
67 167
111 166
70 93
109 198
1 52
196 233
147 187
80 87
161 165
189 244
28 92
44 79
81 152
121 179
113 178
15 76
133 210
196 230
166 195
39 80
60 119
152 164
184 248
106 130
141 171
136 214
97 197
100 181
97 148
120 134
162 165
3 76
189 213
187 286
172 193
142 187
197 219
114 185
61 109
44 138
83 179
76 78
76 124
6 77
29 66
2 73
96 168
195 276
16 35
8 56
188 257
131 174
191 262
158 209
64 92
169 203
152 250
4 103
104 164
29 62
70 118
52 69
153 181
53 128
73 141
198 210
81 169
21 60
191 200
48 122
99 196
69 99
29 102
49 119
195 204
132 226
129 215
124 157
91 159
22 68
34 46
127 161
185 214
36 38
50 116
152 161
90 179
131 160
176 189
32 78
169 242
179 183
124 190
129 177
15 72
8 87
66 142
80 126
108 180
38 110
126 154
67 78
168 264
62 87
193 240
93 163
172 176
63 87
138 188
148 227
137 204
91 100
41 115
142 234
69 108
5 99
146 198
112 198
125 206
10 85
80 117
42 117
75 123
15 102
80 87
51 69
94 119
73 81
168 173
164 234
69 140
47 143
197 266
125 132
126 193
155 175
47 106
160 167
175 177
196 221
106 160
64 139
136 166
90 106
172 230
12 64
194 271
146 148
42 71
138 148
149 197
200 260
29 33
192 249
176 208
56 151
15 114
163 192
66 133
168 233
190 207
118 187
9 95
151 210
144 214
150 223
100 114
172 238
13 111
148 178
179 194
116 196
200 243
70 170
146 157
57 145
55 154
106 136
43 58
7 77
65 71
158 188
106 174
196 289
17 57
97 177
163 165
108 176
135 164
55 155
30 126
65 93
115 163
155 162
164 223
158 228
69 161
1 93
116 177
31 106
146 236
61 78
5 105
34 41
133 140
137 226
105 201
102 172
57 124
6 20
86 119
5 41
59 126
46 141
23 108
167 246
167 241
92 129
101 139
52 136
178 197
128 178
185 285
180 255
70 143
24 112
90 114
198 202
92 103
142 171
171 243
45 119
90 176
119 185
68 149
137 192
64 101
165 203
200 224
9 46
197 253
153 167
188 279
55 113
61 94
103 194
168 194
43 136
143 169
190 214
171 258
129 155
77 174
189 286
145 218
6 68
125 172
59 72
32 128
38 125
96 194
133 180
5 39
26 116
132 168
91 114
55 139
179 214
157 248
13 53
27 84
89 99
24 38
72 112
176 186
119 136
126 132
35 80
57 78
87 143
72 115
146 167
135 220
136 188
158 234
123 166
56 83
68 150
102 132
129 162
92 136
150 210
173 249
68 119
133 140
62 159
68 76
14 18
76 155
151 209
164 194
33 93
72 75
63 107
25 72
86 177
153 212
76 93
174 261
52 86
38 85
125 137
85 153
19 102
121 180
145 149
15 22
165 225
176 198
44 62
111 183
47 58
125 224
111 190
178 244
56 125
56 87
122 198
153 215
171 196
64 129
80 178
55 74
98 141
100 143
195 221
172 267
126 198
92 125
71 74
189 260
48 52
112 149
46 64
173 224
149 242
129 206
14 71
17 79
85 105
84 103
58 62
84 116
196 208
171 257
39 68
45 122
23 61
21 93
132 232
104 171
121 166
195 243
161 256
102 177
153 197
51 122
143 225
64 126
39 114
53 58
88 94
163 174
120 192
107 114
3 35
78 136
20 55
33 88
47 140
171 217
125 165
104 113
47 142
18 80
159 200
32 111
137 232
153 238
2 52
2 36
72 135
46 108
23 98
113 124
19 21
40 74
56 103
57 89
70 170
2 35
196 254
8 87
6 44
65 130
187 237
35 88
81 181
194 284
165 182
155 202
123 223
6 87
54 150
40 81
97 145
36 111
28 39
169 242
136 186
48 102
16 106
172 204
140 178
181 197
109 158
143 239
148 189
49 105
196 272
27 63
17 96
193 207
171 228
200 279
21 115
20 55
91 175
117 124
185 189
21 59
21 111
67 152
130 206
54 80
30 85
196 254
18 29
38 86
86 173
130 225
80 121
140 191
107 162
79 112
24 73
182 187
112 123
76 144
112 183
147 240
109 207
179 269
41 123
74 95
62 139
68 79
177 246
151 176
50 65
55 61
83 156
103 164
6 47
109 206
153 188
143 165
92 185
199 292
186 263
39 88
44 79
21 64
179 221
91 102
122 181
161 231
69 127
15 27
55 111
19 90
68 165
200 241
97 175
105 143
133 190
178 202
130 193
121 216
151 223
6 31
154 240
79 93
87 180
32 42
135 198
7 22
78 85
19 100
48 134
72 161
58 88
38 114
137 237
70 74
113 203
190 206
162 210
155 215
42 53
87 109
118 196
138 227
49 83
177 269
85 167
3 18
115 162
179 272
38 104
16 32
155 248
50 135
67 87
131 212
43 125
6 86
114 177
85 127
118 124
54 61
131 214
7 43
130 148
126 157
179 255
128 148
66 149
144 230
178 276
194 236
39 118
115 173
19 45
86 89
2 66
187 223
170 195
161 166
130 158
101 160
2 22
117 140
119 200
27 76
133 144
122 136
121 151
75 115
137 177
190 232
156 243
104 143
123 223
134 196
43 132
2 28
166 194
89 158
64 160
38 135
103 111
124 180
107 143
56 147
87 96
176 236
80 84
183 279
112 125
139 215
192 207
162 255
162 165
16 97
174 240
45 86
195 203
33 43
39 115
75 78
58 157
133 227
133 219
124 186
184 215
91 147
62 140
187 270
88 118
176 269
167 208
141 210
6 46
99 195
138 218
116 120
50 86
141 211
79 92
184 245
169 184
196 233
132 184
60 140
199 232
67 121
65 85
83 97
61 141
198 272
42 61
54 99
96 108
37 96
164 180
55 135
49 78
19 119
127 157
161 198
39 84
142 180
177 221
176 200
107 207
16 65
54 56
106 163
57 73
92 113
45 92
99 151
121 221
3 7
36 123
25 125
179 246
195 250
67 137
117 136
172 251
13 28
119 184
141 151
34 76
72 78
33 95
143 179
39 139
175 228
38 53
131 210
71 84
174 262
131 208
94 154
184 244
173 239
70 86
135 173
54 57
4 57
161 249
89 171
1 75
15 47
50 93
3 90
150 168
61 129
182 226
109 138
17 73
96 171
164 257
144 213
166 188
129 181
153 158
95 114
54 63
110 136
162 254
60 79
157 254
178 234
70 151
187 245
159 180
8 73
28 84
183 274
81 158
193 208
64 110
49 106
67 78
154 188
131 227
101 185
110 164
178 250
66 102
50 93
92 111
165 181
151 223
144 202
73 104
7 89
167 178
100 127
40 114
62 77
84 167
83 176
52 55
179 186
140 217
193 287
135 201
179 268
80 169
145 159
159 173
43 110
91 184
82 90
98 129
193 225
183 185
113 119
130 198
170 247
50 109
36 52
185 238
154 245
90 96
146 211
112 203
78 131
171 237
31 87
95 179
180 244
10 20
194 226
166 196
10 46
88 116
79 130
191 288
46 109
140 236
189 224
20 112
139 219
21 71
4 63
137 156
160 193
42 126
5 60
175 262
132 202
175 187
92 179
145 157
41 75
4 17
158 200
83 131
174 234
63 129
117 159
88 181
37 115
12 107
172 187
126 197
137 196
54 118
98 185
183 236
185 229
136 166
49 51
178 240
132 138
49 126
93 173
30 64
115 213
145 197
111 130
111 204
71 162
193 276
150 173
185 203
141 180
106 181
175 272
182 217
72 108
10 95
33 60
113 150
136 216
75 124
117 166
199 206
110 175
177 181
158 234
37 133
6 27
151 157
59 88
199 229
122 192
58 80
25 79
124 152
80 115
91 122
171 268
144 185
89 137
176 187
173 244
52 93
149 157
86 142
28 46
24 103
16 74
167 174
115 172
2 12
2 51
7 10
43 45
132 177
107 196
149 162
154 234
124 211
178 248
133 156
4 99
184 260
138 179
14 36
112 173
175 231
84 128
6 59
174 195
11 16
102 160
185 285
154 191
66 114
163 167
100 164
39 49
181 212
181 212
51 118
152 166
125 185
92 162
12 21
198 270
17 21
181 207
10 62
200 226
130 172
184 229
54 68
17 116
26 28
16 44
37 61
183 212
141 151
161 229
172 256
14 110
22 43
110 132
83 103
143 198
186 195
120 133
162 257
83 159
140 201
145 159
127 151
5 43
189 250
177 206
181 222
25 116
188 239
62 72
192 248
127 217
140 235
36 62
89 176
151 188
144 237
200 225
151 159
188 229
98 141
27 101
193 211
67 80
13 33
185 238
63 124
43 132
6 68
152 223
158 186
80 99
68 118
129 200
109 142
180 197
194 220
147 158
136 225
157 257
138 228
161 186
97 114
181 276
174 197
130 144
21 53
93 174
7 31
64 96
25 55
107 168
192 264
79 156
35 69
24 112
145 213
22 44
34 78
125 221
8 63
113 115
34 38
82 114
143 226
53 128
1 3
187 196
95 124
55 81
6 17
168 267
125 169
100 164
101 139
86 168
190 228
190 228
60 77
28 110
97 109
177 252
116 199
137 179
184 230
97 148
56 94
34 88
183 211
92 120
47 114
193 251
128 215
191 227
181 197
165 219
70 75
128 134
197 291
22 25
41 47
92 147
148 176
175 197
101 186
165 198
125 174
57 86
55 88
113 145
50 113
85 89
145 208
82 137
33 129
107 202
110 138
82 144
184 259
133 196
139 228
128 190
13 87
65 150
100 187
22 110
90 101
78 102
151 196
92 172
155 227
178 263
112 176
200 250
84 96
2 33
48 124
100 104
127 149
96 98
39 113
155 207
178 188
170 245
70 100
156 199
181 251
123 130
113 147
157 176
89 186
138 199
168 227
51 61
3 20
198 204
143 172
3 53
190 241
188 226
142 188
124 137
26 120
56 79
111 209
161 240
181 235
7 37
83 160
161 243
39 55
131 133
117 119
128 165
84 184
179 234
17 33
191 277
4 38
41 63
11 56
52 126
158 191
175 207
96 151
60 155
166 179
43 51
33 111
165 186
88 99
128 142
172 221
183 278
127 205
92 143
145 240
16 40
195 229
187 268
71 145
184 201
122 178
131 171
95 186
97 135
105 110
9 59
50 125
32 95
149 191
81 106
155 213
82 118
76 152
52 83
87 179
86 95
124 160
200 263
183 254
194 239
105 124
175 185
135 187
136 167
149 160
112 150
121 131
28 40
32 36
121 139
121 204
114 158
171 211
3 66
13 103
54 64
27 55
150 220
61 150
35 109
162 164
176 197
136 201
139 177
83 92
89 179
69 122
177 218
94 143
42 122
24 102
104 164
148 172
22 104
195 242
46 97
43 71
163 188
145 192
30 117
188 271
119 171
87 181
151 244
25 64
130 198
65 154
106 149
151 242
169 215
51 119
63 155
109 180
147 178
55 73
84 117
66 124
185 215
112 153
147 173
179 268
43 115
28 96
130 172
141 209
70 106
101 169
127 142
51 62
169 260
85 127
14 104
50 129
146 158
22 73
169 176
39 83
140 164
12 88
28 41
76 91
76 170
179 218
49 88
192 207
9 101
68 125
193 291
90 155
124 179
14 80
36 92
197 226
146 178
62 130
109 203
134 170
168 186
70 129
199 269
130 193
89 96
174 263
143 237
193 220
164 180
137 142
137 176
132 199
68 162
44 96
164 238
148 190
32 130
55 58
177 223
24 111
190 247
3 67
60 68
146 172
181 187
165 190
179 186
50 141
71 145
136 186
137 205
94 148
46 51
61 90
128 136
99 181
21 63
135 177
14 58
114 196
82 85
93 148
72 145
91 117
118 167
46 138
22 25
55 74
172 272
151 196
82 85
37 94
104 120
2 21
188 226
198 270
107 143
186 213
200 275
46 117
103 134
165 238
126 204
178 185
87 186
3 14
152 187
37 129
162 204
147 199
152 236
190 224
181 184
4 93
43 133
83 111
14 70
85 164
101 116
86 129
36 63
12 86
190 218
192 206
48 50
119 131
123 148
108 200
28 34
176 219
192 289
17 79
1 62
69 151
122 133
152 250
47 55
31 121
85 127
6 31
193 251
19 112
7 43
70 162
123 195
155 253
164 200
136 198
140 184
139 182
130 148
132 201
47 85
171 194
53 80
17 96
103 184
75 131
168 198
89 126
99 153
5 48
181 213
180 239
136 185
194 287
165 222
93 98
34 69
21 92
25 37
35 84
40 119
48 128
190 263
169 171
76 156
168 262
167 251
160 179
105 196
137 165
47 126
178 213
41 130
104 141
111 159
56 74
72 164
152 156
62 97
63 86
29 72
125 184
88 109
80 101
54 121
146 166
70 105
50 99
150 234
157 187
46 142
90 158
3 67
180 200
145 163
65 127
4 59
58 68
13 112
133 230
181 243
112 159
30 123
190 284
80 125
8 91
16 27
175 243
149 245
49 128
40 88
91 105
175 184
145 208
179 278
51 88
65 165
154 203
146 238
93 132
194 271
65 77
51 91
12 76
55 134
165 189
