1000
2 95
7 179
17 70
21 22
32 31
33 128
46 79
61 172
73 16
80 92
90 229
108 82
118 31
126 147
146 170
159 100
167 215
185 174
199 65
206 210
224 80
231 166
239 226
259 32
274 141
284 83
297 114
298 203
304 178
315 191
332 6
344 81
361 29
375 196
386 115
405 31
409 55
413 70
414 162
432 211
435 86
445 6
462 2
475 40
495 183
500 25
501 113
518 121
520 103
522 80
533 55
543 59
561 97
580 101
587 229
593 17
608 138
625 140
629 118
638 222
656 122
668 13
684 103
690 51
707 113
712 38
714 115
725 48
731 138
743 105
759 10
760 230
761 232
766 43
767 27
781 231
788 38
794 13
797 37
804 210
815 118
816 23
827 154
834 4
842 121
843 143
853 198
857 9
874 128
877 238
894 72
895 33
903 26
912 138
926 178
939 178
940 75
952 47
954 10
963 199
973 123
991 222
1007 48
1010 129
1018 14
1020 123
1029 82
1042 85
1047 240
1053 219
1055 217
1058 214
1064 177
1075 36
1077 149
1085 48
1105 240
1109 99
1122 37
1136 203
1139 16
1150 126
1151 136
1171 137
1191 232
1206 42
1218 97
1232 109
1233 224
1244 127
1258 122
1261 107
1272 102
1274 183
1281 221
1299 232
1319 45
1328 17
1332 49
1346 53
1361 212
1362 237
1372 18
1382 190
1385 194
1390 80
1400 193
1416 112
1422 17
1427 127
1434 50
1453 157
1461 216
1464 118
1477 84
1484 116
1487 115
1488 116
1501 31
1516 146
1529 210
1535 231
1553 161
1560 216
1567 215
1583 205
1603 237
1609 26
1619 197
1626 133
1632 203
1638 105
1655 46
1660 151
1676 58
1691 178
1697 234
1701 163
1721 168
1741 207
1747 55
1751 184
1761 14
1781 106
1795 185
1802 200
1810 11
1821 56
1828 214
1837 210
1851 30
1853 201
1862 125
1867 157
1875 206
1891 89
1898 29
1902 47
1917 151
1931 146
1940 201
1959 98
1973 40
1978 66
1986 69
1988 115
1994 158
2012 81
2026 202
2028 168
2031 179
2040 21
2043 88
2061 222
2080 210
2082 236
2101 68
2112 177
2126 171
2130 128
2147 191
2149 235
2158 182
2169 85
2171 109
2189 185
2196 39
2204 40
2219 220
2230 220
2249 216
2259 40
2271 17
2273 118
2277 124
2279 91
2288 173
2294 172
2314 82
2317 209
2323 158
2335 96
2340 176
2344 21
2355 95
2362 170
2375 214
2395 227
2396 71
2403 42
2416 183
2426 219
2427 234
2446 104
2463 32
2478 176
2498 21
2503 186
2515 103
2529 7
2534 77
2545 234
2563 109
2566 66
2574 204
2575 168
2585 73
2605 72
2610 73
2616 72
2623 12
2636 113
2645 33
2652 63
2665 197
2674 135
2682 4
2685 200
2700 213
2710 210
2713 189
2714 179
2725 37
2727 12
2733 231
2741 176
2758 21
2768 94
2773 206
2785 148
2803 229
2817 33
2823 240
2829 193
2833 117
2837 147
2857 174
2862 133
2873 112
2888 95
2905 158
2924 92
2942 170
2956 31
2974 104
2980 216
2986 230
2993 180
3005 142
3013 240
3033 69
3052 146
3067 4
3075 103
3093 171
3108 32
3120 110
3139 141
3140 139
3153 106
3170 216
3183 34
3197 227
3204 29
3215 75
3220 222
3225 47
3234 192
3237 201
3251 26
3271 225
3287 25
3301 197
3306 227
3320 81
3339 64
3344 178
3361 110
3362 236
3370 23
3386 41
3395 52
3401 2
3419 28
3437 230
3454 211
3473 151
3489 186
3496 148
3497 87
3501 145
3516 54
3524 217
3539 84
3558 233
3559 47
3562 43
3570 130
3571 107
3587 81
3588 71
3599 76
3610 56
3629 24
3632 165
3642 152
3654 225
3660 216
3667 32
3678 51
3689 66
3707 20
3717 109
3733 235
3746 23
3756 154
3771 155
3786 181
3787 45
3792 63
3796 238
3811 230
3818 77
3819 21
3828 200
3831 87
3848 49
3859 165
3878 97
3891 6
3893 160
3902 185
3909 30
3929 68
3938 222
3944 166
3954 203
3956 167
3971 119
3976 43
3993 55
3994 108
4002 2
4014 222
4033 186
4049 167
4053 173
4069 91
4089 5
4092 72
4104 203
4122 199
4132 227
4147 101
4166 157
4186 230
4202 119
4211 22
4215 126
4230 194
4236 120
4244 94
4245 128
4257 91
4274 30
4286 171
4303 131
4315 43
4324 128
4344 92
4359 13
4377 48
4384 22
4403 47
4409 227
4427 99
4447 186
4459 125
4471 96
4472 82
4475 209
4477 118
4486 173
4492 231
4500 120
4504 14
4511 178
4529 193
4547 222
4550 4
4554 169
4570 118
4584 68
4602 6
4614 33
4621 82
4624 23
4629 221
4635 141
4648 220
4650 143
4658 184
4677 107
4683 99
4687 223
4706 146
4712 89
4728 202
4742 67
4749 187
4767 229
4782 191
4790 223
4799 141
4800 78
4806 213
4808 85
4824 69
4833 152
4842 63
4857 94
4864 214
4882 215
4883 230
4884 102
4897 10
4899 160
4915 122
4929 171
4931 127
4945 93
4965 163
4984 197
4993 228
5009 57
5019 69
5039 237
5040 39
5047 162
5059 217
5076 53
5090 134
5106 22
5123 231
5135 62
5136 217
5151 165
5171 7
5177 192
5178 28
5179 59
5180 226
5181 27
5189 149
5198 141
5199 59
5206 145
5208 206
5215 184
5225 115
5245 166
5262 40
5272 68
5273 170
5288 208
5297 230
5303 52
5304 7
5314 147
5324 230
5331 59
5344 16
5349 152
5350 88
5365 45
5382 77
5390 171
5402 80
5422 37
5440 217
5458 44
5468 81
5476 199
5484 22
5486 72
5495 147
5507 205
5524 194
5539 127
5540 64
5547 38
5557 209
5571 208
5589 228
5596 191
5615 91
5621 69
5622 44
5630 210
5645 42
5663 202
5674 199
5676 65
5685 118
5697 85
5705 191
5713 117
5728 238
5733 147
5743 150
5745 84
5756 120
5757 74
5776 105
5791 100
5808 17
5811 57
5827 82
5837 118
5846 189
5860 129
5866 68
5874 7
5891 204
5900 227
5906 191
5913 57
5920 180
5934 151
5949 64
5969 135
5988 231
6007 225
6019 104
6032 78
6043 46
6056 107
6060 195
6071 80
6080 166
6098 223
6115 209
6124 176
6127 72
6134 159
6135 145
6150 208
6168 199
6186 77
6198 183
6210 65
6225 181
6245 60
6248 76
6264 177
6265 35
6276 128
6286 70
6288 77
6296 187
6314 94
6334 207
6348 57
6360 2
6375 106
6390 228
6406 114
6423 219
6429 73
6446 45
6460 137
6464 154
6483 118
6486 68
6503 44
6512 64
6522 124
6534 22
6550 6
6566 194
6575 226
6580 207
6600 14
6604 222
6609 85
6626 10
6630 88
6632 42
6652 11
6672 159
6678 220
6698 74
6700 86
6707 172
6709 237
6724 225
6740 16
6754 88
6757 51
6766 225
6778 101
6798 123
6817 95
6827 34
6835 33
6845 137
6862 30
6880 11
6892 222
6909 56
6913 44
6933 201
6935 32
6951 221
6965 12
6982 203
6984 211
6985 95
6994 217
7000 63
7008 138
7024 235
7031 169
7039 226
7053 65
7064 208
7066 12
7071 235
7090 216
7101 175
7103 44
7105 194
7114 158
7132 113
7151 146
7154 170
7166 144
7186 86
7189 207
7205 78
7212 18
7228 42
7242 81
7257 68
7258 223
7278 78
7290 118
7293 116
7299 79
7301 53
7317 27
7331 26
7338 88
7340 17
7349 153
7351 84
7369 237
7373 228
7379 113
7392 70
7409 136
7411 128
7428 166
7448 28
7467 10
7477 167
7496 65
7500 90
7508 77
7517 137
7535 186
7547 157
7551 34
7566 16
7568 43
7588 221
7590 40
7593 99
7609 86
7612 93
7619 119
7637 178
7650 12
7670 161
7683 199
7699 25
7717 63
7719 22
7725 78
7733 167
7752 111
7763 66
7770 215
7786 122
7790 22
7810 51
7830 63
7837 170
7845 111
7860 197
7863 67
7866 216
7873 113
7878 134
7885 149
7905 62
7918 85
7936 144
7956 51
7961 168
7977 13
7988 209
7994 196
8001 161
8019 80
8025 87
8027 4
8041 172
8058 16
8073 2
8081 12
8088 77
8107 23
8120 100
8135 116
8146 100
8149 170
8159 47
8164 194
8178 31
8188 129
8207 177
8222 56
8223 15
8226 7
8233 140
8250 161
8268 74
8281 33
8285 70
8302 119
8306 14
8312 30
8321 127
8331 97
8342 210
8344 66
8361 137
8370 63
8380 44
8394 107
8413 213
8424 14
8442 25
8453 168
8472 182
8485 108
8489 105
8496 11
8505 176
8522 108
8541 74
8542 152
8560 145
8577 37
8593 37
8612 118
8619 29
8633 223
8636 173
8650 150
8652 158
8664 107
8669 135
8673 104
8693 205
8707 155
8725 96
8731 209
8737 174
8753 71
8769 9
8786 114
8801 190
8817 217
8819 108
8821 32
8838 79
8850 4
8857 200
8865 129
8879 188
8884 218
8904 104
8918 196
8925 50
8945 90
8963 215
8973 161
8974 130
8976 209
8992 97
8998 160
9013 43
9017 52
9026 180
9043 200
9058 199
9077 25
9078 24
9097 33
9104 133
9111 165
9128 129
9140 107
9142 159
9144 53
9157 77
9176 195
9193 216
9203 54
9209 14
9219 189
9237 122
9257 201
9267 51
9270 89
9273 102
9281 81
9291 27
9295 226
9306 149
9318 42
9338 167
9346 32
9352 123
9367 196
9381 129
9384 189
9401 209
9414 128
9424 171
9425 23
9434 240
9445 239
9446 114
9459 26
9461 197
9468 165
9469 217
9471 26
9475 237
9495 77
9511 102
9513 202
9529 208
9536 48
9537 93
9550 166
9568 129
9582 239
9594 90
9604 135
9611 34
9622 43
9625 59
9642 102
9659 66
9664 153
9682 122
9694 222
9712 11
9727 78
9740 169
9745 78
9759 58
9763 29
9770 50
9774 199
9790 10
9796 113
9811 154
9825 110
9834 161
9851 181
9856 5
9866 65
9870 220
9871 154
9878 80
9886 196
9889 30
9897 8
9904 27
9919 9
9925 207
9938 174
9949 15
9963 68
9974 212
9976 106
9995 59
10012 156
10026 42
10033 139
10045 226
10052 8
10057 148
10075 203
10076 2
10083 76
10091 196
10105 189
10107 143
10108 42
10125 238
10136 84
10150 217
10169 183
10179 178
10198 156
10201 122
10213 223
10228 4
10239 10
10252 65
10269 49
10275 135
10281 29
10289 35
10301 97
10317 211
10326 15
10341 107
10356 3
10375 140
10376 10
10388 79
10399 152
10404 144
